1.e8,0.06276754239310743
1.1e8,0.06408752916986526
1.2e8,0.06543651244741835
1.3e8,0.06681449099070691
1.4e8,0.06822146345732416
1.5e8,0.06965742839752932
1.6e8,0.07112238425426053
1.7e8,0.07261632936314939
1.8e8,0.07413926195253637
1.9e8,0.07569118014348723
2.e8,0.07727208194981038
2.1e8,0.0788819652780754
2.2e8,0.08052082792763211
2.3e8,0.08218866759063127
2.4e8,0.08388548185204577
2.5e8,0.08561126818969292
2.6e8,0.08736602397425787
2.7e8,0.08914974646931793
2.8e8,0.09096243283136797
2.9e8,0.0928040801098466
3.e8,0.09467468524716334
3.1e8,0.0965742450787273
3.2e8,0.09850275633297591
3.3e8,0.1004602156314058
3.4e8,0.10244661948860358
3.5e8,0.104461964312278
3.6e8,0.10650624640329356
3.7e8,0.10857946195570456
3.8e8,0.11068160705679014
3.9e8,0.11281267768709038
4.e8,0.11497266972044394
4.1e8,0.11716157892402541
4.2e8,0.11937940095838533
4.3e8,0.12162613137748945
4.4e8,0.1239017656287603
4.5e8,0.12620629905311914
4.6e8,0.12853972688502877
4.7e8,0.13090204425253787
4.8e8,0.13329324617732602
4.9e8,0.13571332757474913
5.e8,0.13816228325388702
5.1e8,0.1406401079175906
5.2e8,0.14314679616253181
5.3e8,0.1456823424792524
5.4e8,0.14824674125221543
5.5e8,0.15083998675985674
5.6e8,0.15346207317463814
5.7e8,0.15611299456310054
5.8e8,0.15879274488591927
5.9e8,0.1615013179979592
6.e8,0.16423870764833204
6.1e8,0.16700490748045313
6.2e8,0.16979991103210107
6.3e8,0.1726237117354759
6.4e8,0.17547630291726127
6.5e8,0.17835767779868444
6.6e8,0.1812678294955792
6.7e8,0.18420675101844972
6.8e8,0.18717443527253455
6.9e8,0.19017087505787134
7.e8,0.19319606306936413
7.1e8,0.19624999189685
7.2e8,0.19933265402516728
7.3e8,0.2024440418342247
7.4e8,0.20558414759907176
7.5e8,0.20875296348996897
7.6e8,0.21195048157246085
7.7e8,0.21517669380744792
7.8e8,0.21843159205126123
7.9e8,0.22171516805573693
8.e8,0.22502741346829203
8.1e8,0.22836831983200112
8.2e8,0.23173787858567382
8.3e8,0.2351360810639339
8.4e8,0.23856291849729797
8.5e8,0.24201838201225692
8.6e8,0.24550246263135664
8.7e8,0.2490151512732801
8.8e8,0.25255643875293193
8.9e8,0.25612631578152123
9.e8,0.25972477296664714
9.1e8,0.2633518008123849
9.2e8,0.2670073897193735
9.3e8,0.27069152998490204
9.4e8,0.27440421180300045
9.5e8,0.27814542526452807
9.6e8,0.28191516035726416
9.7e8,0.28571340696600034
9.8e8,0.2895401548726326
9.9e8,0.29339539375625495
1.e9,0.29727911319325345
1.01e9,0.301191302657402
1.02e9,0.3051319515199577
1.03e9,0.30910104904975927
1.04e9,0.31309858441332333
1.05e9,0.3171245466749447
1.06e9,0.3211789247967958
1.07e9,0.32526170763902723
1.08e9,0.3293728839598688
1.09e9,0.33351244241573397
1.1e9,0.33768037156132064
1.11e9,0.3418766598497182
1.12e9,0.34610129563250996
1.13e9,0.3503542671598817
1.14e9,0.3546355625807271
1.15e9,0.3589451699427564
1.16e9,0.3632830771926047
1.17e9,0.36764927217594207
1.18e9,0.3720437426375839
1.19e9,0.37646647622160156
1.2e9,0.38091746047143654
1.21e9,0.38539668283001177
1.22e9,0.38990413063984697
1.23e9,0.3944397911431726
1.24e9,0.3990036514820461
1.25e9,0.40359569869846884
1.26e9,0.40821591973450366
1.27e9,0.4128643014323927
1.28e9,0.41754083053467705
1.29e9,0.42224549368431735
1.3e9,0.42697827742481376
1.31e9,0.431739168200328
1.32e9,0.43652815235580816
1.33e9,0.4413452161371089
1.34e9,0.44619034569111804
1.35e9,0.45106352706588215
1.36e9,0.45596474621073096
1.37e9,0.46089398897640527
1.38e9,0.46585124111518594
1.39e9,0.47083648828102004
1.4e9,0.47584971602965176
1.41e9,0.48089090981875376
1.42e9,0.48596005500805706
1.43e9,0.4910571368594818
1.44e9,0.4961821405372739
1.45e9,0.5013350511081346
1.46e9,0.5065158535413569
1.47e9,0.5117245327089618
1.48e9,0.516961073385832
1.49e9,0.5222254602498516
1.5e9,0.5275176778820417
1.51e9,0.5328377107666997
1.52e9,0.5381855432915396
1.53e9,0.5435611597478303
1.54e9,0.5489645443305389
1.55e9,0.5543956811384706
1.56e9,0.5598545541744129
1.57e9,0.5653411473452781
1.58e9,0.5708554444622473
1.59e9,0.5763974292409163
1.6e9,0.581967085301441
1.61e9,0.5875643961686833
1.62e9,0.5931893452723608
1.63e9,0.5988419159471919
1.64e9,0.6045220914330479
1.65e9,0.6102298548751
1.66e9,0.615965189323971
1.67e9,0.6217280777358876
1.68e9,0.6275185029728311
1.69e9,0.6333364478026914
1.7e9,0.6391818948994187
1.71e9,0.6450548268431803
1.72e9,0.6509552261205143
1.73e9,0.6568830751244865
1.74e9,0.6628383561548453
1.75e9,0.668821051418182
1.76e9,0.6748311430280868
1.77e9,0.6808686130053075
1.78e9,0.6869334432779112
1.79e9,0.6930256156814428
1.8e9,0.6991451119590881
1.81e9,0.7052919137618336
1.82e9,0.7114660026486309
1.83e9,0.7176673600865596
1.84e9,0.7238959674509899
1.85e9,0.7301518060257512
1.86e9,0.7364348570032939
1.87e9,0.7427451014848578
1.88e9,0.749082520480638
1.89e9,0.7554470949099541
1.9e9,0.7618388056014176
1.91e9,0.7682576332931006
1.92e9,0.7747035586327078
1.93e9,0.781176562177745
1.94e9,0.7876766243956925
1.95e9,0.7942037256641743
1.96e9,0.8007578462711324
1.97e9,0.8073389664150027
1.98e9,0.8139470662048843
1.99e9,0.8205821256607172
2.e9,0.8272441247134582
2.01e9,0.833933043205256
2.02e9,0.8406488608896275
2.03e9,0.8473915574316384
2.04e9,0.8541611124080757
2.05e9,0.8609575053076353
2.06e9,0.8677807155310907
2.07e9,0.8746307223914833
2.08e9,0.8815075051142979
2.09e9,0.8884110428376447
2.1e9,0.8953413146124429
2.11e9,0.9022982994026032
2.12e9,0.9092819760852116
2.13e9,0.9162923234507111
2.14e9,0.9233293202030922
2.15e9,0.9303929449600721
2.16e9,0.9374831762532841
2.17e9,0.9445999925284652
2.18e9,0.9517433721456423
2.19e9,0.9589132933793173
2.2e9,0.9661097344186625
2.21e9,0.9733326733677049
2.22e9,0.980582088245517
2.23e9,0.987857956986406
2.24e9,0.9951602574401116
2.25e9,1.0024889673719894
2.26e9,1.0098440644632078
2.27e9,1.0172255263109395
2.28e9,1.0246333304285573
2.29e9,1.032067454245827
2.3e9,1.039527875109099
2.31e9,1.0470145702815108
2.32e9,1.0545275169431771
2.33e9,1.062066692191388
2.34e9,1.069632073040809
2.35e9,1.0772236364236736
2.36e9,1.0848413591899864
2.37e9,1.0924852181077191
2.38e9,1.1001551898630129
2.39e9,1.1078512510603742
2.4e9,1.1155733782228796
2.41e9,1.1233215477923775
2.42e9,1.1310957361296836
2.43e9,1.138895919514791
2.44e9,1.1467220741470674
2.45e9,1.1545741761454644
2.46e9,1.1624522015487129
2.47e9,1.1703561263155386
2.48e9,1.178285926324858
2.49e9,1.186241577375987
2.5e9,1.1942230551888477
2.51e9,1.202230335404179
2.52e9,1.2102633935837355
2.53e9,1.218322205210502
2.54e9,1.2264067456888978
2.55e9,1.2345169903449893
2.56e9,1.2426529144266951
2.57e9,1.2508144931040013
2.58e9,1.259001701469167
2.59e9,1.2672145145369365
2.6e9,1.2754529072447516
2.61e9,1.2837168544529642
2.62e9,1.2920063309450467
2.63e9,1.3003213114278072
2.64e9,1.3086617705315982
2.65e9,1.31702768281054
2.66e9,1.325419022742723
2.67e9,1.3338357647304333
2.68e9,1.3422778831003592
2.69e9,1.3507453521038144
2.7e9,1.3592381459169487
2.71e9,1.3677562386409718
2.72e9,1.3762996043023596
2.73e9,1.3848682168530815
2.74e9,1.3934620501708166
2.75e9,1.4020810780591701
2.76e9,1.4107252742478924
2.77e9,1.4193946123930994
2.78e9,1.428089066077494
2.79e9,1.4368086088105843
2.8e9,1.4455532140289062
2.81e9,1.4543228550962433
2.82e9,1.4631175053038479
2.83e9,1.471937137870667
2.84e9,1.4807817259435627
2.85e9,1.4896512425975315
2.86e9,1.4985456608359324
2.87e9,1.507464953590712
2.88e9,1.5164090937226227
2.89e9,1.525378054021455
2.9e9,1.534371807206254
2.91e9,1.5433903259255508
2.92e9,1.5524335827575895
2.93e9,1.56150155021055
2.94e9,1.570594200722774
2.95e9,1.5797115066629952
2.96e9,1.588853440330565
2.97e9,1.5980199739556813
2.98e9,1.607211079699615
2.99e9,1.616426729654941
3.e9,1.6256668958457654
3.01e9,1.6349315502279547
3.02e9,1.6442206646893682
3.03e9,1.6535342110500852
3.04e9,1.6628721610626342
3.05e9,1.6722344864122292
3.06e9,1.6816211587169954
3.07e9,1.691032149528204
3.08e9,1.700467430330503
3.09e9,1.7099269725421484
3.1e9,1.7194107475152385
3.11e9,1.728918726535944
3.12e9,1.7384508808247463
3.13e9,1.7480071815366673
3.14e9,1.7575875997615
3.15e9,1.767192106524051
3.16e9,1.7768206727843687
3.17e9,1.7864732694379801
3.18e9,1.7961498673161287
3.19e9,1.805850437186001
3.2e9,1.815574949750973
3.21e9,1.825323375650842
3.22e9,1.8350956854620588
3.23e9,1.8448918496979712
3.24e9,1.8547118388090622
3.25e9,1.8645556231831713
3.26e9,1.874423173145755
3.27e9,1.884314458960104
3.28e9,1.8942294508276012
3.29e9,1.9041681188879414
3.3e9,1.9141304332193814
3.31e9,1.9241163638389724
3.32e9,1.9341258807028068
3.33e9,1.9441589537062496
3.34e9,1.9542155526841851
3.35e9,1.964295647411251
3.36e9,1.9743992076020822
3.37e9,1.9845262029115462
3.38e9,1.9946766029349952
3.39e9,2.004850377208496
3.4e9,2.0150474952090733
3.41e9,2.0252679263549505
3.42e9,2.0355116400058035
3.43e9,2.045778605462981
3.44e9,2.056068791969767
3.45e9,2.066382168711608
3.46e9,2.076718704816365
3.47e9,2.0870783693545527
3.48e9,2.0974611313395832
3.49e9,2.1078669597280117
3.5e9,2.118295823419772
3.51e9,2.1287476912584262
3.52e9,2.1392225320314124
3.53e9,2.1497203144702812
3.54e9,2.16024100725094
3.55e9,2.170784578993905
3.56e9,2.1813509982645347
3.57e9,2.191940233573287
3.58e9,2.202552253375955
3.59e9,2.2131870260739137
3.6e9,2.223844520014369
3.61e9,2.2345247034905977
3.62e9,2.245227544742203
3.63e9,2.2559530119553433
3.64e9,2.266701073262998
3.65e9,2.2774716967451987
3.66e9,2.28826485042928
3.67e9,2.299080502290131
3.68e9,2.3099186202504303
3.69e9,2.320779172180907
3.7e9,2.331662125900576
3.71e9,2.3425674491769928
3.72e9,2.3534951097264925
3.73e9,2.364445075214447
3.74e9,2.375417313255503
3.75e9,2.386411791413832
3.76e9,2.3974284772033854
3.77e9,2.408467338088131
3.78e9,2.4195283414823088
3.79e9,2.4306114547506734
3.8e9,2.441716645208748
3.81e9,2.4528438801230688
3.82e9,2.4639931267114314
3.83e9,2.475164352143143
3.84e9,2.4863575235392705
3.85e9,2.497572607972888
3.86e9,2.508809572469322
3.87e9,2.5200683840064073
3.88e9,2.5313490095147277
3.89e9,2.5426514158778777
3.9e9,2.553975569932696
3.91e9,2.5653214384695184
3.92e9,2.576688988232439
3.93e9,2.5880781859195436
3.94e9,2.5994889981831664
3.95e9,2.6109213916301415
3.96e9,2.622375332822046
3.97e9,2.6338507882754527
3.98e9,2.6453477244621824
3.99e9,2.6568661078095506
4.e9,2.6684059047006077
4.01e9,2.679967081474411
4.02e9,2.691549604426251
4.03e9,2.7031534398079127
4.04e9,2.7147785538279288
4.05e9,2.7264249126518245
4.06e9,2.738092482402352
4.07e9,2.749781229159771
4.08e9,2.761491118962081
4.09e9,2.7732221178052643
4.1e9,2.7849741916435495
4.11e9,2.7967473063896566
4.12e9,2.8085414279150416
4.13e9,2.8203565220501554
4.14e9,2.8321925545846875
4.15e9,2.844049491267815
4.16e9,2.8559272978084596
4.17e9,2.867825939875526
4.18e9,2.879745383098159
4.19e9,2.891685593066
4.2e9,2.9036465353294205
4.21e9,2.9156281753997804
4.22e9,2.927630478749684
4.23e9,2.939653410813218
4.24e9,2.951696936986209
4.25e9,2.9637610226264672
4.26e9,2.975845633054044
4.27e9,2.9879507335514677
4.28e9,3.000076289364019
4.29e9,3.0122222656999456
4.3e9,3.024388627730735
4.31e9,3.0365753405913614
4.32e9,3.0487823693805316
4.33e9,3.0610096791609314
4.34e9,3.073257234959477
4.35e9,3.0855250017675706
4.36e9,3.0978129445413387
4.37e9,3.110121028201884
4.38e9,3.122449217635541
4.39e9,3.1347974776941188
4.4e9,3.147165773195147
4.41e9,3.159554068922136
4.42e9,3.1719623296248116
4.43e9,3.1843905200193774
4.44e9,3.1968386047887374
4.45e9,3.209306548582787
4.46e9,3.2217943160186198
4.47e9,3.2343018716808003
4.48e9,3.2468291801215967
4.49e9,3.2593762058612445
4.5e9,3.271942913388183
4.51e9,3.2845292671592987
4.52e9,3.297135231600196
4.53e9,3.3097607711054127
4.54e9,3.3224058500386966
4.55e9,3.3350704327332275
4.56e9,3.3477544834918844
4.57e9,3.3604579665874783
4.58e9,3.373180846263016
4.59e9,3.3859230867319217
4.6e9,3.3986846521783045
4.61e9,3.4114655067572017
4.62e9,3.4242656145948134
4.63e9,3.4370849397887655
4.64e9,3.4499234464083397
4.65e9,3.4627810984947263
4.66e9,3.4756578600612764
4.67e9,3.4885536950937315
4.68e9,3.5014685675504924
4.69e9,3.514402441362835
4.7e9,3.5273552804351813
4.71e9,3.5403270486453295
4.72e9,3.553317709844706
4.73e9,3.566327227858598
4.74e9,3.5793555664864236
4.75e9,3.5924026895019416
4.76e9,3.605468560653527
4.77e9,3.6185531436643874
4.78e9,3.6316564022328337
4.79e9,3.644778300032502
4.8e9,3.657918800712611
4.81e9,3.671077867898193
4.82e9,3.6842554651903434
4.83e9,3.697451556166468
4.84e9,3.7106661043805143
4.85e9,3.723899073363231
4.86e9,3.7371504266223834
4.87e9,3.750420127643021
4.88e9,3.763708139887707
4.89e9,3.7770144267967654
4.9e9,3.790338951788512
4.91e9,3.8036816782595055
4.92e9,3.81704256958479
4.93e9,3.8304215891181195
4.94e9,3.8438187001922195
4.95e9,3.8572338661190155
4.96e9,3.87066705018987
4.97e9,3.884118215675832
4.98e9,3.8975873258278644
4.99e9,3.911074343877098
5.e9,3.9245792330350624
5.01e9,3.938101956493919
5.02e9,3.951642477426701
5.03e9,3.965200758987574
5.04e9,3.97877676431204
5.05e9,3.992370456517197
5.06e9,4.005981798701973
5.07e9,4.019610753947349
5.08e9,4.033257285316631
5.09e9,4.046921355855647
5.1e9,4.060602928592992
5.11e9,4.074301966540298
5.12e9,4.088018432692422
5.13e9,4.101752290027717
5.14e9,4.11550350150825
5.15e9,4.129272030080038
5.16e9,4.143057838673296
5.17e9,4.156860890202643
5.18e9,4.170681147567385
5.19e9,4.1845185736517
5.2e9,4.198373131324889
5.21e9,4.212244783441617
5.22e9,4.226133492842141
5.23e9,4.240039222352547
5.24e9,4.2539619347849635
5.25e9,4.267901592937831
5.26e9,4.281858159596089
5.27e9,4.2958315975314445
5.28e9,4.309821869502587
5.29e9,4.323828938255416
5.3e9,4.337852766523275
5.31e9,4.3518933170272005
5.32e9,4.365950552476119
5.33e9,4.380024435567101
5.34e9,4.394114928985578
5.35e9,4.408221995405592
5.36e9,4.4223455974899935
5.37e9,4.436485697890691
5.38e9,4.450642259248871
5.39e9,4.46481524419524
5.4e9,4.479004615350228
5.41e9,4.4932103353242425
5.42e9,4.507432366717873
5.43e9,4.521670672122126
5.44e9,4.535925214118653
5.45e9,4.550195955279973
5.46e9,4.564482858169714
5.47e9,4.578785885342814
5.48e9,4.5931049993457425
5.49e9,4.60744016271677
5.5e9,4.621791337986137
5.51e9,4.636158487676309
5.52e9,4.6505415743022045
5.53e9,4.664940560371379
5.54e9,4.679355408384311
5.55e9,4.693786080834565
5.56e9,4.708232540209042
5.57e9,4.722694748988198
5.58e9,4.737172669646271
5.59e9,4.7516662646514884
5.6e9,4.7661754964662935
5.61e9,4.7807003275475735
5.62e9,4.795240720346867
5.63e9,4.809796637310591
5.64e9,4.824368040880265
5.65e9,4.838954893492705
5.66e9,4.853557157580279
5.67e9,4.868174795571101
5.68e9,4.882807769889257
5.69e9,4.897456042955004
5.7e9,4.912119577185018
5.71e9,4.92679833499259
5.72e9,4.941492278787841
5.73e9,4.956201370977954
5.74e9,4.970925573967373
5.75e9,4.985664850158024
5.76e9,5.000419161949524
5.77e9,5.015188471739416
5.78e9,5.029972741923345
5.79e9,5.044771934895319
5.8e9,5.059586013047873
5.81e9,5.074414938772323
5.82e9,5.089258674458948
5.83e9,5.104117182497225
5.84e9,5.118990425276023
5.85e9,5.133878365183818
5.86e9,5.148780964608916
5.87e9,5.1636981859396425
5.88e9,5.1786299915645735
5.89e9,5.193576343872721
5.9e9,5.208537205253765
5.91e9,5.223512538098256
5.92e9,5.238502304797809
5.93e9,5.253506467745325
5.94e9,5.268524989335201
5.95e9,5.283557831963518
5.96e9,5.298604958028273
5.97e9,5.3136663299295614
5.98e9,5.328741910069801
5.99e9,5.343831660853927
6.e9,5.35893554468959
6.01e9,5.374053523987384
6.02e9,5.389185561161025
6.03e9,5.404331618627566
6.04e9,5.4194916588076
6.05e9,5.434665644125463
6.06e9,5.4498535370094325
6.07e9,5.4650552998919295
6.08e9,5.480270895209722
6.09e9,5.495500285404124
6.1e9,5.510743432921196
6.11e9,5.526000300211956
6.12e9,5.5412708497325465
6.13e9,5.556555043944475
6.14e9,5.571852845314789
6.15e9,5.587164216316266
6.16e9,5.602489119427633
6.17e9,5.6178275171337635
6.18e9,5.633179371925841
6.19e9,5.648544646301601
6.2e9,5.663923302765488
6.21e9,5.679315303828879
6.22e9,5.694720612010265
6.23e9,5.710139189835435
6.24e9,5.7255709998377045
6.25e9,5.741016004558065
6.26e9,5.756474166545409
6.27e9,5.771945448356719
6.28e9,5.787429812557234
6.29e9,5.8029272217206875
6.3e9,5.81843763842944
6.31e9,5.8339610252747285
6.32e9,5.8494973448568155
6.33e9,5.865046559785195
6.34e9,5.880608632678781
6.35e9,5.896183526166086
6.36e9,5.9117712028854426
6.37e9,5.92737162548514
6.38e9,5.942984756623654
6.39e9,5.958610558969813
6.4e9,5.974248995202993
6.41e9,5.989900028013296
6.42e9,6.005563620101746
6.43e9,6.021239734180468
6.44e9,6.0369283329728605
6.45e9,6.052629379213813
6.46e9,6.068342835649847
6.47e9,6.084068665039349
6.48e9,6.099806830152685
6.49e9,6.115557293772459
6.5e9,6.131320018693631
6.51e9,6.147094967723753
6.52e9,6.162882103683089
6.53e9,6.178681389404864
6.54e9,6.194492787735373
6.55e9,6.2103162615342224
6.56e9,6.22615177367446
6.57e9,6.241999287042793
6.58e9,6.257858764539736
6.59e9,6.2737301690798075
6.6e9,6.289613463591691
6.61e9,6.305508611018416
6.62e9,6.321415574317558
6.63e9,6.33733431646136
6.64e9,6.353264800436973
6.65e9,6.369206989246573
6.66e9,6.385160845907571
6.67e9,6.401126333452773
6.68e9,6.417103414930541
6.69e9,6.433092053404999
6.7e9,6.449092211956172
6.71e9,6.465103853680176
6.72e9,6.481126941689365
6.73e9,6.4971614391125385
6.74e9,6.513207309095085
6.75e9,6.529264514799142
6.76e9,6.545333019403817
6.77e9,6.561412786105273
6.78e9,6.5775037781169745
6.79e9,6.593605958669808
6.8e9,6.609719291012271
6.81e9,6.625843738410619
6.82e9,6.641979264149052
6.83e9,6.658125831529876
6.84e9,6.67428340387364
6.85e9,6.690451944519348
6.86e9,6.7066314168245675
6.87e9,6.722821784165659
6.88e9,6.739023009937855
6.89e9,6.7552350575555105
6.9e9,6.771457890452198
6.91e9,6.787691472080911
6.92e9,6.803935765914189
6.93e9,6.820190735444292
6.94e9,6.836456344183395
6.95e9,6.852732555663677
6.96e9,6.869019333437546
6.97e9,6.885316641077755
6.98e9,6.901624442177568
6.99e9,6.9179427003509355
7.e9,6.934271379232641
7.01e9,6.950610442478445
7.02e9,6.966959853765231
7.03e9,6.9833195767912075
7.04e9,6.9996895752760295
7.05e9,7.016069812960947
7.06e9,7.032460253608963
7.07e9,7.048860861005
7.08e9,7.065271598956042
7.09e9,7.081692431291285
7.1e9,7.098123321862288
7.11e9,7.114564234543134
7.12e9,7.131015133230569
7.13e9,7.147475981844156
7.14e9,7.163946744326409
7.15e9,7.180427384642982
7.16e9,7.196917866782776
7.17e9,7.213418154758102
7.18e9,7.229928212604811
7.19e9,7.2464480043825
7.2e9,7.262977494174573
7.21e9,7.279516646088451
7.22e9,7.296065424255702
7.23e9,7.312623792832138
7.24e9,7.329191715998045
7.25e9,7.345769157958261
7.26e9,7.362356082942329
7.27e9,7.378952455204662
7.28e9,7.395558239024674
7.29e9,7.412173398706898
7.3e9,7.428797898581176
7.31e9,7.445431703002738
7.32e9,7.462074776352413
7.33e9,7.47872708303669
7.34e9,7.495388587487927
7.35e9,7.512059254164427
7.36e9,7.528739047550643
7.37e9,7.545427932157251
7.38e9,7.562125872521335
7.39e9,7.578832833206466
7.4e9,7.595548778802929
7.41e9,7.6122736739277554
7.42e9,7.629007483224924
7.43e9,7.645750171365472
7.44e9,7.662501703047642
7.45e9,7.679262042996985
7.46e9,7.696031155966529
7.47e9,7.712809006736891
7.48e9,7.729595560116401
7.49e9,7.746390780941266
7.5e9,7.763194634075648
7.51e9,7.7800070844118565
7.52e9,7.796828096870406
7.53e9,7.813657636400217
7.54e9,7.830495667978681
7.55e9,7.84734215661185
7.56e9,7.864197067334501
7.57e9,7.881060365210308
7.58e9,7.897932015331946
7.59e9,7.914811982821228
7.6e9,7.931700232829213
7.61e9,7.948596730536349
7.62e9,7.965501441152594
7.63e9,7.982414329917532
7.64e9,7.999335362100493
7.65e9,8.016264503000691
7.66e9,8.033201717947325
7.67e9,8.050146972299725
7.68e9,8.06710023144743
7.69e9,8.08406146081038
7.7e9,8.101030625838956
7.71e9,8.118007692014155
7.72e9,8.134992624847676
7.73e9,8.151985389882073
7.74e9,8.168985952690823
7.75e9,8.185994278878487
7.76e9,8.203010334080817
7.77e9,8.220034083964846
7.78e9,8.237065494229032
7.79e9,8.254104530603383
7.8e9,8.271151158849518
7.81e9,8.288205344760835
7.82e9,8.305267054162593
7.83e9,8.32233625291206
7.84e9,8.339412906898573
7.85e9,8.3564969820437
7.86e9,8.37358844430131
7.87e9,8.390687259657714
7.88e9,8.407793394131776
7.89e9,8.424906813774987
7.9e9,8.442027484671623
7.91e9,8.4591553729388
7.92e9,8.47629044472664
7.93e9,8.493432666218329
7.94e9,8.51058200363026
7.95e9,8.527738423212115
7.96e9,8.544901891246987
7.97e9,8.562072374051464
7.98e9,8.579249837975778
7.99e9,8.596434249403844
8.e9,8.613625574753433
8.01e9,8.630823780476211
8.02e9,8.648028833057907
8.03e9,8.665240699018373
8.04e9,8.682459344911672
8.05e9,8.699684737326226
8.06e9,8.716916842884887
8.07e9,8.734155628245047
8.08e9,8.751401060098724
8.09e9,8.768653105172687
8.1e9,8.785911730228529
8.11e9,8.803176902062773
8.12e9,8.820448587506988
8.13e9,8.837726753427855
8.14e9,8.855011366727284
8.15e9,8.872302394342528
8.16e9,8.889599803246215
8.17e9,8.906903560446521
8.18e9,8.924213632987204
8.19e9,8.941529987947744
8.2e9,8.958852592443403
8.21e9,8.976181413625328
8.22e9,8.993516418680658
8.23e9,9.010857574832599
8.24e9,9.028204849340522
8.25e9,9.045558209500046
8.26e9,9.062917622643154
8.27e9,9.08028305613824
8.28e9,9.097654477390249
8.29e9,9.115031853840724
8.3e9,9.13241515296792
8.31e9,9.14980434228688
8.32e9,9.167199389349523
8.33e9,9.184600261744752
8.34e9,9.202006927098486
8.35e9,9.219419353073839
8.36e9,9.23683750737108
8.37e9,9.254261357727867
8.38e9,9.271690871919178
8.39e9,9.289126017757509
8.4e9,9.306566763092937
8.41e9,9.324013075813125
8.42e9,9.341464923843517
8.43e9,9.358922275147355
8.44e9,9.376385097725745
8.45e9,9.393853359617788
8.46e9,9.41132702890065
8.47e9,9.42880607368962
8.48e9,9.446290462138167
8.49e9,9.46378016243813
8.5e9,9.481275142819637
8.51e9,9.49877537155131
8.52e9,9.516280816940284
8.53e9,9.5337914473323
8.54e9,9.55130723111178
8.55e9,9.568828136701919
8.56e9,9.586354132564711
8.57e9,9.60388518720107
8.58e9,9.621421269150925
8.59e9,9.63896234699321
8.6e9,9.656508389346019
8.61e9,9.67405936486665
8.62e9,9.691615242251675
8.63e9,9.709175990237007
8.64e9,9.72674157759798
8.65e9,9.74431197314943
8.66e9,9.761887145745744
8.67e9,9.779467064280967
8.68e9,9.797051697688792
8.69e9,9.814641014942763
8.7e9,9.832234985056198
8.71e9,9.849833577082347
8.72e9,9.867436760114444
8.73e9,9.885044503285771
8.74e9,9.902656775769723
8.75e9,9.920273546779848
8.76e9,9.937894785569963
8.77e9,9.955520461434196
8.78e9,9.973150543707046
8.79e9,9.990785001763447
8.8e9,10.00842380501884
8.81e9,10.026066922929237
8.82e9,10.043714324991276
8.83e9,10.061365980742309
8.84e9,10.079021859760399
8.85e9,10.096681931664495
8.86e9,10.11434616611436
8.87e9,10.132014532810734
8.88e9,10.149687001495352
8.89e9,10.167363541950994
8.9e9,10.185044124001587
8.91e9,10.20272871751221
8.92e9,10.220417292389218
8.93e9,10.238109818580218
8.94e9,10.2558062660742
8.95e9,10.273506604901547
8.96e9,10.291210805134133
8.97e9,10.308918836885333
8.98e9,10.32663067031011
8.99e9,10.344346275605066
9.e9,10.362065623008487
9.01e9,10.379788682800413
9.02e9,10.397515425302663
9.03e9,10.41524582087895
9.04e9,10.432979839934838
9.05e9,10.45071745291788
9.06e9,10.468458630317647
9.07e9,10.486203342665734
9.08e9,10.503951560535901
9.09e9,10.521703254544024
9.1e9,10.539458395348232
9.11e9,10.557216953648895
9.12e9,10.5749789001887
9.13e9,10.592744205752693
9.14e9,10.610512841168356
9.15e9,10.628284777305602
9.16e9,10.646059985076853
9.17e9,10.663838435437114
9.18e9,10.681620099383967
9.19e9,10.699404947957651
9.2e9,10.717192952241076
9.21e9,10.734984083359942
9.22e9,10.752778312482684
9.23e9,10.77057561082058
9.24e9,10.788375949627808
9.25e9,10.80617930020143
9.26e9,10.823985633881495
9.27e9,10.841794922051026
9.28e9,10.859607136136114
9.29e9,10.877422247605933
9.3e9,10.895240227972794
9.31e9,10.91306104879216
9.32e9,10.930884681662727
9.33e9,10.948711098226424
9.34e9,10.966540270168506
9.35e9,10.984372169217504
9.36e9,11.002206767145378
9.37e9,11.020044035767466
9.38e9,11.037883946942554
9.39e9,11.05572647257293
9.4e9,11.073571584604379
9.41e9,11.09141925502628
9.42e9,11.109269455871578
9.43e9,11.127122159216876
9.44e9,11.144977337182414
9.45e9,11.162834961932168
9.46e9,11.180695005673849
9.47e9,11.198557440658911
9.48e9,11.216422239182641
9.49e9,11.234289373584168
9.5e9,11.252158816246496
9.51e9,11.27003053959652
9.52e9,11.287904516105089
9.53e9,11.305780718287023
9.54e9,11.323659118701132
9.55e9,11.341539689950274
9.56e9,11.359422404681373
9.57e9,11.37730723558544
9.58e9,11.395194155397625
9.59e9,11.413083136897225
9.6e9,11.430974152907712
9.61e9,11.448867176296778
9.62e9,11.466762179976376
9.63e9,11.484659136902705
9.64e9,11.502558020076275
9.65e9,11.52045880254191
9.66e9,11.538361457388792
9.67e9,11.556265957750485
9.68e9,11.574172276804958
9.69e9,11.592080387774592
9.7e9,11.609990263926246
9.71e9,11.627901878571242
9.72e9,11.64581520506543
9.73e9,11.663730216809151
9.74e9,11.681646887247338
9.75e9,11.699565189869475
9.76e9,11.717485098209648
9.77e9,11.735406585846585
9.78e9,11.753329626403627
9.79e9,11.771254193548776
9.8e9,11.789180260994781
9.81e9,11.807107802499019
9.82e9,11.825036791863655
9.83e9,11.84296720293558
9.84e9,11.860899009606447
9.85e9,11.878832185812705
9.86e9,11.89676670553561
9.87e9,11.914702542801248
9.88e9,11.932639671680553
9.89e9,11.950578066289303
9.9e9,11.968517700788185
9.91e9,11.986458549382734
9.92e9,12.004400586323477
9.93e9,12.0223437859058
9.94e9,12.040288122470075
9.95e9,12.058233570401635
9.96e9,12.076180104130767
9.97e9,12.094127698132775
9.98e9,12.112076326927971
9.99e9,12.130025965081684
1.e10,12.147976587204283
1.001e10,12.165928167951192
1.002e10,12.183880682022881
1.003e10,12.201834104164922
1.004e10,12.219788409167963
1.005e10,12.23774357186775
1.006e10,12.255699567145149
1.007e10,12.273656369926162
1.008e10,12.29161395518192
1.009e10,12.30957229792869
1.01e10,12.327531373227915
1.011e10,12.345491156186192
1.012e10,12.363451621955312
1.013e10,12.381412745732236
1.014e10,12.399374502759134
1.015e10,12.417336868323385
1.016e10,12.435299817757567
1.017e10,12.453263326439489
1.018e10,12.471227369792198
1.019e10,12.489191923283961
1.02e10,12.507156962428308
1.021e10,12.525122462783997
1.022e10,12.543088399955085
1.023e10,12.56105474959084
1.024e10,12.579021487385832
1.025e10,12.596988589079897
1.026e10,12.614956030458165
1.027e10,12.632923787351027
1.028e10,12.650891835634184
1.029e10,12.668860151228612
1.03e10,12.686828710100594
1.031e10,12.704797488261724
1.032e10,12.722766461768874
1.033e10,12.74073560672426
1.034e10,12.758704899275353
1.035e10,12.77667431561499
1.036e10,12.794643831981281
1.037e10,12.812613424657682
1.038e10,12.830583069972917
1.039e10,12.848552744301115
1.04e10,12.866522424061605
1.041e10,12.884492085719113
1.042e10,12.902461705783685
1.043e10,12.920431260810632
1.044e10,12.938400727400616
1.045e10,12.956370082199605
1.046e10,12.97433930189891
1.047e10,12.992308363235095
1.048e10,13.010277242990076
1.049e10,13.028245917991066
1.05e10,13.046214365110595
1.051e10,13.064182561266463
1.052e10,13.082150483421804
1.053e10,13.10011810858504
1.054e10,13.118085413809865
1.055e10,13.136052376195273
1.056e10,13.15401897288556
1.057e10,13.171985181070271
1.058e10,13.189950977984239
1.059e10,13.207916340907564
1.06e10,13.225881247165615
1.061e10,13.243845674129002
1.062e10,13.261809599213601
1.063e10,13.279772999880526
1.064e10,13.297735853636143
1.065e10,13.315698138031998
1.066e10,13.333659830664933
1.067e10,13.351620909176953
1.068e10,13.36958135125529
1.069e10,13.387541134632395
1.07e10,13.405500237085857
1.071e10,13.423458636438497
1.072e10,13.441416310558294
1.073e10,13.459373237358365
1.074e10,13.477329394797046
1.075e10,13.495284760877736
1.076e10,13.51323931364903
1.077e10,13.531193031204612
1.078e10,13.549145891683324
1.079e10,13.567097873269038
1.08e10,13.585048954190777
1.081e10,13.602999112722628
1.082e10,13.620948327183736
1.083e10,13.638896575938299
1.084e10,13.656843837395588
1.085e10,13.674790090009873
1.086e10,13.692735312280446
1.087e10,13.710679482751612
1.088e10,13.728622580012658
1.089e10,13.746564582697866
1.09e10,13.764505469486465
1.091e10,13.782445219102641
1.092e10,13.800383810315493
1.093e10,13.818321221939092
1.094e10,13.836257432832353
1.095e10,13.85419242189912
1.096e10,13.872126168088089
1.097e10,13.89005865039284
1.098e10,13.907989847851749
1.099e10,13.9259197395481
1.1e10,13.943848304609867
1.101e10,13.96177552220996
1.102e10,13.979701371565923
1.103e10,13.99762583194016
1.104e10,14.015548882639791
1.105e10,14.033470503016604
1.106e10,14.05139067246717
1.107e10,14.069309370432713
1.108e10,14.087226576399107
1.109e10,14.105142269896914
1.11e10,14.123056430501292
1.111e10,14.140969037832022
1.112e10,14.15888007155347
1.113e10,14.176789511374608
1.114e10,14.194697337048908
1.115e10,14.212603528374396
1.116e10,14.230508065193648
1.117e10,14.248410927393666
1.118e10,14.266312094905947
1.119e10,14.284211547706436
1.12e10,14.302109265815535
1.121e10,14.320005229297998
1.122e10,14.33789941826298
1.123e10,14.355791812864018
1.124e10,14.373682393298994
1.125e10,14.39157113981006
1.126e10,14.40945803268369
1.127e10,14.42734305225063
1.128e10,14.445226178885859
1.129e10,14.463107393008634
1.13e10,14.480986675082336
1.131e10,14.498864005614541
1.132e10,14.516739365157
1.133e10,14.534612734305602
1.134e10,14.552484093700304
1.135e10,14.57035342402516
1.136e10,14.588220706008277
1.137e10,14.60608592042178
1.138e10,14.623949048081803
1.139e10,14.641810069848486
1.14e10,14.659668966625832
1.141e10,14.677525719361892
1.142e10,14.695380309048508
1.143e10,14.71323271672145
1.144e10,14.731082923460331
1.145e10,14.748930910388586
1.146e10,14.766776658673386
1.147e10,14.784620149525747
1.148e10,14.802461364200386
1.149e10,14.820300283995705
1.15e10,14.838136890253798
1.151e10,14.855971164360462
1.152e10,14.873803087745037
1.153e10,14.891632641880525
1.154e10,14.909459808283458
1.155e10,14.927284568513938
1.156e10,14.945106904175542
1.157e10,14.962926796915326
1.158e10,14.980744228423827
1.159e10,14.998559180434984
1.16e10,15.016371634726138
1.161e10,15.034181573117952
1.162e10,15.051988977474476
1.163e10,15.06979382970303
1.164e10,15.087596111754165
1.165e10,15.105395805621761
1.166e10,15.123192893342814
1.167e10,15.140987356997547
1.168e10,15.158779178709334
1.169e10,15.176568340644582
1.17e10,15.194354825012896
1.171e10,15.212138614066847
1.172e10,15.229919690102058
1.173e10,15.24769803545708
1.174e10,15.265473632513531
1.175e10,15.283246463695818
1.176e10,15.301016511471332
1.177e10,15.318783758350229
1.178e10,15.336548186885576
1.179e10,15.35430977967316
1.18e10,15.37206851935156
1.181e10,15.389824388602037
1.182e10,15.407577370148555
1.183e10,15.425327446757743
1.184e10,15.443074601238816
1.185e10,15.46081881644361
1.186e10,15.478560075266486
1.187e10,15.496298360644262
1.188e10,15.514033655556354
1.189e10,15.531765943024514
1.19e10,15.549495206112963
1.191e10,15.567221427928253
1.192e10,15.584944591619294
1.193e10,15.602664680377307
1.194e10,15.620381677435729
1.195e10,15.63809556607029
1.196e10,15.655806329598853
1.197e10,15.673513951381484
1.198e10,15.691218414820334
1.199e10,15.70891970335961
1.2e10,15.72661780048567
1.201e10,15.744312689726774
1.202e10,15.76200435465317
1.203e10,15.779692778877079
1.204e10,15.797377946052599
1.205e10,15.81505983987565
1.206e10,15.832738444084043
1.207e10,15.850413742457311
1.208e10,15.86808571881677
1.209e10,15.885754357025398
1.21e10,15.903419640987872
1.211e10,15.921081554650508
1.212e10,15.93874008200118
1.213e10,15.956395207069333
1.214e10,15.974046913925887
1.215e10,15.99169518668331
1.216e10,16.00934000949544
1.217e10,16.02698136655751
1.218e10,16.04461924210617
1.219e10,16.062253620419277
1.22e10,16.0798844858161
1.221e10,16.097511822656987
1.222e10,16.1151356153436
1.223e10,16.132755848318727
1.224e10,16.150372506066255
1.225e10,16.167985573111103
1.226e10,16.185595034019347
1.227e10,16.203200873397897
1.228e10,16.220803075894732
1.229e10,16.238401626198698
1.23e10,16.2559965090395
1.231e10,16.273587709187666
1.232e10,16.291175211454576
1.233e10,16.30875900069225
1.234e10,16.32633906179349
1.235e10,16.343915379691726
1.236e10,16.361487939361
1.237e10,16.379056725815968
1.238e10,16.39662172411174
1.239e10,16.414182919344046
1.24e10,16.431740296648922
1.241e10,16.44929384120294
1.242e10,16.4668435382229
1.243e10,16.484389372966064
1.244e10,16.501931330729875
1.245e10,16.51946939685203
1.246e10,16.53700355671044
1.247e10,16.55453379572315
1.248e10,16.57206009934834
1.249e10,16.589582453084187
1.25e10,16.607100842468917
1.251e10,16.624615253080766
1.252e10,16.64212567053785
1.253e10,16.659632080498202
1.254e10,16.67713446865967
1.255e10,16.694632820759914
1.256e10,16.712127122576373
1.257e10,16.729617359926138
1.258e10,16.747103518665998
1.259e10,16.764585584692377
1.26e10,16.782063543941238
1.261e10,16.799537382388113
1.262e10,16.81700708604797
1.263e10,16.83447264097525
1.264e10,16.851934033263813
1.265e10,16.869391249046803
1.266e10,16.88684427449671
1.267e10,16.90429309582529
1.268e10,16.921737699283483
1.269e10,16.93917807116141
1.27e10,16.95661419778832
1.271e10,16.974046065532537
1.272e10,16.991473660801407
1.273e10,17.008896970041235
1.274e10,17.026315979737316
1.275e10,17.0437306764138
1.276e10,17.061141046633708
1.277e10,17.078547076998817
1.278e10,17.09594875414969
1.279e10,17.113346064765587
1.28e10,17.130738995564414
1.281e10,17.148127533302716
1.282e10,17.16551166477557
1.283e10,17.182891376816578
1.284e10,17.20026665629785
1.285e10,17.217637490129867
1.286e10,17.23500386526152
1.287e10,17.252365768679976
1.288e10,17.269723187410765
1.289e10,17.287076108517596
1.29e10,17.30442451910239
1.291e10,17.32176840630515
1.292e10,17.339107757304042
1.293e10,17.35644255931525
1.294e10,17.373772799592913
1.295e10,17.39109846542918
1.296e10,17.408419544154057
1.297e10,17.425736023135435
1.298e10,17.443047889778917
1.299e10,17.460355131527994
1.3e10,17.47765773586376
1.301e10,17.494955690305005
1.302e10,17.512248982408128
1.303e10,17.52953759976706
1.304e10,17.546821530013283
1.305e10,17.564100760815723
1.306e10,17.581375279880696
1.307e10,17.598645074951932
1.308e10,17.615910133810416
1.309e10,17.633170444274448
1.31e10,17.650425994199523
1.311e10,17.66767677147833
1.312e10,17.684922764040603
1.313e10,17.702163959853245
1.314e10,17.719400346920093
1.315e10,17.736631913282007
1.316e10,17.753858647016763
1.317e10,17.771080536238966
1.318e10,17.788297569100106
1.319e10,17.805509733788384
1.32e10,17.822717018528753
1.321e10,17.839919411582848
1.322e10,17.857116901248872
1.323e10,17.8743094758617
1.324e10,17.891497123792615
1.325e10,17.90867983344943
1.326e10,17.925857593276408
1.327e10,17.9430303917541
1.328e10,17.960198217399466
1.329e10,17.977361058765663
1.33e10,17.99451890444213
1.331e10,18.01167174305444
1.332e10,18.028819563264282
1.333e10,18.04596235376944
1.334e10,18.063100103303668
1.335e10,18.08023280063674
1.336e10,18.097360434574338
1.337e10,18.11448299395796
1.338e10,18.13160046766498
1.339e10,18.148712844608497
1.34e10,18.165820113737343
1.341e10,18.182922264036
1.342e10,18.20001928452458
1.343e10,18.21711116425872
1.344e10,18.234197892329572
1.345e10,18.25127945786382
1.346e10,18.26835585002343
1.347e10,18.285427058005798
1.348e10,18.302493071043635
1.349e10,18.31955387840485
1.35e10,18.33660946939261
1.351e10,18.353659833345183
1.352e10,18.370704959635955
1.353e10,18.387744837673356
1.354e10,18.40477945690084
1.355e10,18.42180880679674
1.356e10,18.438832876874336
1.357e10,18.455851656681713
1.358e10,18.47286513580178
1.359e10,18.48987330385213
1.36e10,18.50687615048509
1.361e10,18.52387366538759
1.362e10,18.54086583828114
1.363e10,18.557852658921817
1.364e10,18.57483411710009
1.365e10,18.591810202640964
1.366e10,18.608780905403723
1.367e10,18.625746215282028
1.368e10,18.64270612220373
1.369e10,18.65966061613102
1.37e10,18.676609687060147
1.371e10,18.693553325021504
1.372e10,18.710491520079565
1.373e10,18.727424262332775
1.374e10,18.744351541913563
1.375e10,18.761273348988215
1.376e10,18.778189673756927
1.377e10,18.795100506453682
1.378e10,18.81200583734615
1.379e10,18.82890565673574
1.38e10,18.845799954957503
1.381e10,18.862688722380035
1.382e10,18.879571949405545
1.383e10,18.896449626469654
1.384e10,18.91332174404143
1.385e10,18.930188292623317
1.386e10,18.947049262751108
1.387e10,18.963904644993832
1.388e10,18.98075442995378
1.389e10,18.997598608266326
1.39e10,19.014437170600036
1.391e10,19.03127010765655
1.392e10,19.048097410170428
1.393e10,19.064919068909266
1.394e10,19.08173507467351
1.395e10,19.098545418296474
1.396e10,19.115350090644288
1.397e10,19.132149082615786
1.398e10,19.148942385142526
1.399e10,19.165729989188684
1.4e10,19.182511885751023
1.401e10,19.199288065858855
1.402e10,19.216058520573938
1.403e10,19.232823240990477
1.404e10,19.249582218235037
1.405e10,19.26633544346653
1.406e10,19.283082907876107
1.407e10,19.29982460268714
1.408e10,19.31656051915515
1.409e10,19.333290648567786
1.41e10,19.350014982244737
1.411e10,19.36673351153769
1.412e10,19.3834462278303
1.413e10,19.400153122538097
1.414e10,19.41685418710846
1.415e10,19.433549413020547
1.416e10,19.45023879178523
1.417e10,19.466922314945172
1.418e10,19.483599974074494
1.419e10,19.500271760779025
1.42e10,19.51693766669608
1.421e10,19.533597683494403
1.422e10,19.55025180287421
1.423e10,19.56690001656707
1.424e10,19.58354231633581
1.425e10,19.600178693974566
1.426e10,19.616809141308664
1.427e10,19.63343365019458
1.428e10,19.650052212519864
1.429e10,19.666664820203138
1.43e10,19.68327146519402
1.431e10,19.699872139473012
1.432e10,19.716466835051584
1.433e10,19.733055543971933
1.434e10,19.749638258307115
1.435e10,19.76621497016088
1.436e10,19.782785671667643
1.437e10,19.799350354992423
1.438e10,19.815909012330863
1.439e10,19.83246163590905
1.44e10,19.849008217983545
1.441e10,19.865548750841317
1.442e10,19.882083226799704
1.443e10,19.89861163820633
1.444e10,19.915133977439037
1.445e10,19.931650236905895
1.446e10,19.948160409045084
1.447e10,19.96466448632488
1.448e10,19.981162461243592
1.449e10,19.997654326329517
1.45e10,20.014140074140826
1.451e10,20.030619697265635
1.452e10,20.047093188321814
1.453e10,20.063560539957024
1.454e10,20.08002174484867
1.455e10,20.096476795703733
1.456e10,20.112925685258897
1.457e10,20.1293684062803
1.458e10,20.145804951563665
1.459e10,20.162235313934108
1.46e10,20.178659486246136
1.461e10,20.195077461383647
1.462e10,20.211489232259765
1.463e10,20.22789479181688
1.464e10,20.24429413302653
1.465e10,20.260687248889408
1.466e10,20.27707413243528
1.467e10,20.293454776722943
1.468e10,20.309829174840107
1.469e10,20.326197319903464
1.47e10,20.34255920505849
1.471e10,20.358914823479584
1.472e10,20.375264168369746
1.473e10,20.391607232960826
1.474e10,20.407944010513216
1.475e10,20.42427449431599
1.476e10,20.440598677686662
1.477e10,20.456916553971354
1.478e10,20.473228116544536
1.479e10,20.489533358809066
1.48e10,20.50583227419621
1.481e10,20.52212485616539
1.482e10,20.538411098204403
1.483e10,20.554690993829063
1.484e10,20.570964536583443
1.485e10,20.587231720039576
1.486e10,20.60349253779755
1.487e10,20.619746983485445
1.488e10,20.635995050759178
1.489e10,20.65223673330258
1.49e10,20.66847202482726
1.491e10,20.6847009190726
1.492e10,20.700923409805668
1.493e10,20.717139490821108
1.494e10,20.7333491559413
1.495e10,20.749552399016014
1.496e10,20.76574921392261
1.497e10,20.781939594565838
1.498e10,20.79812353487782
1.499e10,20.814301028818065
1.5e10,20.83047207037327
1.501e10,20.846636653557432
1.502e10,20.86279477241167
1.503e10,20.878946421004244
1.504e10,20.89509159343049
1.505e10,20.911230283812742
1.506e10,20.92736248630027
1.507e10,20.943488195069314
1.508e10,20.95960740432295
1.509e10,20.975720108291014
1.51e10,20.991826301230137
1.511e10,21.00792597742362
1.512e10,21.02401913118149
1.513e10,21.040105756840237
1.514e10,21.056185848763008
1.515e10,21.072259401339412
1.516e10,21.088326408985466
1.517e10,21.10438686614358
1.518e10,21.120440767282545
1.519e10,21.13648810689738
1.52e10,21.152528879509347
1.521e10,21.16856307966594
1.522e10,21.184590701940664
1.523e10,21.200611740933258
1.524e10,21.216626191269313
1.525e10,21.23263404760054
1.526e10,21.248635304604466
1.527e10,21.26462995698454
1.528e10,21.28061799946996
1.529e10,21.296599426815824
1.53e10,21.312574233802792
1.531e10,21.32854241523725
1.532e10,21.34450396595122
1.533e10,21.360458880802216
1.534e10,21.37640715467335
1.535e10,21.392348782473054
1.536e10,21.4082837591353
1.537e10,21.424212079619334
1.538e10,21.440133738909694
1.539e10,21.456048732016193
1.54e10,21.471957053973874
1.541e10,21.487858699842853
1.542e10,21.503753664708398
1.543e10,21.51964194368081
1.544e10,21.535523531895304
1.545e10,21.551398424512136
1.546e10,21.567266616716434
1.547e10,21.583128103718145
1.548e10,21.598982880751958
1.549e10,21.614830943077386
1.55e10,21.63067228597858
1.551e10,21.64650690476431
1.552e10,21.662334794767926
1.553e10,21.67815595134741
1.554e10,21.69397036988505
1.555e10,21.709778045787704
1.556e10,21.725578974486535
1.557e10,21.741373151437134
1.558e10,21.75716057211923
1.559e10,21.77294123203688
1.56e10,21.78871512671827
1.561e10,21.80448225171571
1.562e10,21.820242602605674
1.563e10,21.8359961749885
1.564e10,21.851742964488654
1.565e10,21.867482966754455
1.566e10,21.883216177458042
1.567e10,21.898942592295526
1.568e10,21.914662206986595
1.569e10,21.930375017274887
1.57e10,21.946081018927487
1.571e10,21.961780207735238
1.572e10,21.977472579512536
1.573e10,21.993158130097274
1.574e10,22.00883685535081
1.575e10,22.024508751157974
1.576e10,22.040173813426893
1.577e10,22.055832038089104
1.578e10,22.071483421099316
1.579e10,22.08712795843553
1.58e10,22.10276564609891
1.581e10,22.118396480113706
1.582e10,22.134020456527285
1.583e10,22.14963757141001
1.584e10,22.16524782085521
1.585e10,22.180851200979166
1.586e10,22.19644770792101
1.587e10,22.212037337842695
1.588e10,22.227620086928965
1.589e10,22.24319595138731
1.59e10,22.25876492744781
1.591e10,22.2743270113633
1.592e10,22.28988219940906
1.593e10,22.305430487882983
1.594e10,22.320971873105428
1.595e10,22.33650635141915
1.596e10,22.35203391918931
1.597e10,22.36755457280341
1.598e10,22.38306830867122
1.599e10,22.39857512322473
1.6e10,22.41407501291814
1.601e10,22.429567974227776
1.602e10,22.445054003652047
1.603e10,22.460533097711373
1.604e10,22.476005252948234
1.605e10,22.491470465927005
1.606e10,22.506928733233927
1.607e10,22.52238005147712
1.608e10,22.537824417286533
1.609e10,22.553261827313726
1.61e10,22.568692278232174
1.611e10,22.584115766736772
1.612e10,22.59953228954417
1.613e10,22.61494184339251
1.614e10,22.630344425041443
1.615e10,22.645740031272084
1.616e10,22.661128658886977
1.617e10,22.676510304709986
1.618e10,22.691884965586308
1.619e10,22.7072526383824
1.62e10,22.722613319985896
1.621e10,22.737967007305706
1.622e10,22.753313697271757
1.623e10,22.768653386835066
1.624e10,22.7839860729677
1.625e10,22.799311752662714
1.626e10,22.81463042293405
1.627e10,22.829942080816544
1.628e10,22.84524672336588
1.629e10,22.860544347658543
1.63e10,22.87583495079171
1.631e10,22.891118529883293
1.632e10,22.906395082071825
1.633e10,22.92166460451641
1.634e10,22.936927094396793
1.635e10,22.952182548913115
1.636e10,22.967430965286052
1.637e10,22.982672340756604
1.638e10,22.997906672586243
1.639e10,23.013133958056653
1.64e10,23.02835419446987
1.641e10,23.04356737914806
1.642e10,23.058773509433635
1.643e10,23.07397258268908
1.644e10,23.08916459629705
1.645e10,23.104349547660124
1.646e10,23.11952743420093
1.647e10,23.134698253362004
1.648e10,23.149862002605843
1.649e10,23.165018679414693
1.65e10,23.18016828129066
1.651e10,23.19531080575563
1.652e10,23.210446250351097
1.653e10,23.225574612638354
1.654e10,23.240695890198197
1.655e10,23.255810080631043
1.656e10,23.2709171815568
1.657e10,23.286017190614917
1.658e10,23.30111010546422
1.659e10,23.31619592378289
1.66e10,23.331274643268532
1.661e10,23.346346261638015
1.662e10,23.361410776627434
1.663e10,23.37646818599211
1.664e10,23.39151848750648
1.665e10,23.40656167896413
1.666e10,23.42159775817776
1.667e10,23.43662672297897
1.668e10,23.451648571218403
1.669e10,23.46666330076566
1.67e10,23.481670909509187
1.671e10,23.49667139535629
1.672e10,23.511664756233035
1.673e10,23.52665099008425
1.674e10,23.541630094873526
1.675e10,23.556602068582997
1.676e10,23.57156690921354
1.677e10,23.5865246147845
1.678e10,23.601475183333815
1.679e10,23.6164186129178
1.68e10,23.631354901611367
1.681e10,23.64628404750767
1.682e10,23.661206048718288
1.683e10,23.676120903373082
1.684e10,23.69102860962016
1.685e10,23.70592916562583
1.686e10,23.72082256957461
1.687e10,23.73570881966911
1.688e10,23.75058791413005
1.689e10,23.765459851196084
1.69e10,23.78032462912403
1.691e10,23.795182246188507
1.692e10,23.810032700682072
1.693e10,23.824875990915164
1.694e10,23.83971211521609
1.695e10,23.854541071930765
1.696e10,23.869362859423006
1.697e10,23.88417747607418
1.698e10,23.898984920283404
1.699e10,23.913785190467298
1.7e10,23.92857828506011
1.701e10,23.943364202513557
1.702e10,23.958142941296785
1.703e10,23.972914499896458
1.704e10,23.987678876816506
1.705e10,24.002436070578305
1.706e10,24.01718607972045
1.707e10,24.031928902798814
1.708e10,24.04666453838648
1.709e10,24.061392985073663
1.71e10,24.07611424146769
1.711e10,24.090828306193043
1.712e10,24.105535177891166
1.713e10,24.120234855220524
1.714e10,24.13492733685652
1.715e10,24.14961262149145
1.716e10,24.164290707834542
1.717e10,24.178961594611707
1.718e10,24.193625280565826
1.719e10,24.2082817644563
1.72e10,24.22293104505942
1.721e10,24.23757312116801
1.722e10,24.25220799159154
1.723e10,24.26683565515602
1.724e10,24.281456110704035
1.725e10,24.296069357094613
1.726e10,24.31067539320324
1.727e10,24.32527421792181
1.728e10,24.339865830158537
1.729e10,24.35445022883798
1.73e10,24.36902741290096
1.731e10,24.383597381304504
1.732e10,24.398160133021914
1.733e10,24.412715667042573
1.734e10,24.427263982371954
1.735e10,24.441805078031667
1.736e10,24.456338953059234
1.737e10,24.470865606508298
1.738e10,24.48538503744832
1.739e10,24.49989724496478
1.74e10,24.514402228158872
1.741e10,24.52889998614773
1.742e10,24.543390518064232
1.743e10,24.557873823056966
1.744e10,24.572349900290234
1.745e10,24.586818748943994
1.746e10,24.601280368213814
1.747e10,24.61573475731079
1.748e10,24.63018191546167
1.749e10,24.644621841908577
1.75e10,24.65905453590908
1.751e10,24.673479996736273
1.752e10,24.68789822367852
1.753e10,24.70230921603952
1.754e10,24.716712973138335
1.755e10,24.731109494309155
1.756e10,24.74549877890149
1.757e10,24.759880826280014
1.758e10,24.77425563582445
1.759e10,24.78862320692965
1.76e10,24.80298353900552
1.761e10,24.817336631476994
1.762e10,24.831682483783915
1.763e10,24.84602109538114
1.764e10,24.860352465738302
1.765e10,24.874676594340023
1.766e10,24.888993480685603
1.767e10,24.903303124289224
1.768e10,24.91760552467972
1.769e10,24.931900681400638
1.77e10,24.946188594010202
1.771e10,24.96046926208122
1.772e10,24.97474268520109
1.773e10,24.989008862971723
1.774e10,25.003267795009585
1.775e10,25.017519480945516
1.776e10,25.03176392042486
1.777e10,25.046001113107266
1.778e10,25.060231058666744
1.779e10,25.074453756791627
1.78e10,25.088669207184505
1.781e10,25.1028774095622
1.782e10,25.117078363655697
1.783e10,25.131272069210112
1.784e10,25.145458525984726
1.785e10,25.15963773375285
1.786e10,25.17380969230183
1.787e10,25.187974401433
1.788e10,25.202131860961703
1.789e10,25.216282070717142
1.79e10,25.230425030542396
1.791e10,25.244560740294435
1.792e10,25.25868919984396
1.793e10,25.27281040907552
1.794e10,25.286924367887345
1.795e10,25.301031076191343
1.796e10,25.315130533913113
1.797e10,25.32922274099183
1.798e10,25.343307697380318
1.799e10,25.357385403044802
1.8e10,25.37145585796518
1.801e10,25.38551906213466
1.802e10,25.399575015559968
1.803e10,25.413623718261213
1.804e10,25.427665170271844
1.805e10,25.44169937163861
1.806e10,25.455726322421548
1.807e10,25.469746022693954
1.808e10,25.483758472542302
1.809e10,25.497763672066277
1.81e10,25.511761621378632
1.811e10,25.525752320605264
1.812e10,25.53973576988509
1.813e10,25.553711969370116
1.814e10,25.567680919225253
1.815e10,25.581642619628376
1.816e10,25.595597070770342
1.817e10,25.60954427285475
1.818e10,25.623484226098167
1.819e10,25.637416930729916
1.82e10,25.65134238699207
1.821e10,25.66526059513943
1.822e10,25.679171555439513
1.823e10,25.693075268172493
1.824e10,25.70697173363115
1.825e10,25.72086095212086
1.826e10,25.734742923959512
1.827e10,25.748617649477612
1.828e10,25.762485129018007
1.829e10,25.77634536293612
1.83e10,25.790198351599653
1.831e10,25.804044095388786
1.832e10,25.81788259469597
1.833e10,25.831713849926004
1.834e10,25.845537861495917
1.835e10,25.859354629834968
1.836e10,25.873164155384632
1.837e10,25.88696643859855
1.838e10,25.900761479942453
1.839e10,25.914549279894207
1.84e10,25.928329838943686
1.841e10,25.942103157592797
1.842e10,25.95586923635546
1.843e10,25.969628075757534
1.844e10,25.983379676336757
1.845e10,25.997124038642788
1.846e10,26.010861163237117
1.847e10,26.024591050693083
1.848e10,26.03831370159574
1.849e10,26.052029116541906
1.85e10,26.065737296140117
1.851e10,26.079438241010603
1.852e10,26.0931319517852
1.853e10,26.106818429107367
1.854e10,26.12049767363211
1.855e10,26.134169686026006
1.856e10,26.147834466967133
1.857e10,26.16149201714501
1.858e10,26.17514233726064
1.859e10,26.18878542802635
1.86e10,26.202421290165933
1.861e10,26.21604992441443
1.862e10,26.229671331518247
1.863e10,26.243285512235012
1.864e10,26.256892467333607
1.865e10,26.270492197594113
1.866e10,26.284084703807817
1.867e10,26.29766998677704
1.868e10,26.31124804731531
1.869e10,26.32481888624714
1.87e10,26.33838250440816
1.871e10,26.351938902644925
1.872e10,26.365488081815005
1.873e10,26.379030042786884
1.874e10,26.39256478643992
1.875e10,26.406092313664413
1.876e10,26.419612625361484
1.877e10,26.433125722442995
1.878e10,26.44663160583163
1.879e10,26.460130276460795
1.88e10,26.47362173527463
1.881e10,26.487105983227913
1.882e10,26.500583021286083
1.883e10,26.514052850425184
1.884e10,26.527515471631848
1.885e10,26.540970885903228
1.886e10,26.554419094247
1.887e10,26.56786009768133
1.888e10,26.58129389723484
1.889e10,26.594720493946504
1.89e10,26.6081398888658
1.891e10,26.621552083052443
1.892e10,26.634957077576505
1.893e10,26.648354873518414
1.894e10,26.66174547196875
1.895e10,26.675128874028367
1.896e10,26.68850508080835
1.897e10,26.701874093429886
1.898e10,26.715235913024316
1.899e10,26.72859054073308
1.9e10,26.74193797770772
1.901e10,26.75527822510975
1.902e10,26.768611284110772
1.903e10,26.781937155892255
1.904e10,26.795255841645712
1.905e10,26.808567342572523
1.906e10,26.821871659883968
1.907e10,26.835168794801163
1.908e10,26.848458748555057
1.909e10,26.861741522386357
1.91e10,26.875017117545593
1.911e10,26.888285535292955
1.912e10,26.90154677689835
1.913e10,26.914800843641405
1.914e10,26.928047736811294
1.915e10,26.941287457706885
1.916e10,26.954520007636553
1.917e10,26.96774538791825
1.918e10,26.980963599879473
1.919e10,26.994174644857083
1.92e10,27.007378524197605
1.921e10,27.02057523925676
1.922e10,27.033764791399843
1.923e10,27.046947182001418
1.924e10,27.060122412445406
1.925e10,27.073290484125042
1.926e10,27.086451398442847
1.927e10,27.099605156810533
1.928e10,27.112751760649093
1.929e10,27.12589121138869
1.93e10,27.139023510468633
1.931e10,27.15214865933733
1.932e10,27.16526665945235
1.933e10,27.1783775122803
1.934e10,27.19148121929679
1.935e10,27.20457778198653
1.936e10,27.217667201843117
1.937e10,27.230749480369152
1.938e10,27.24382461907615
1.939e10,27.2568926194845
1.94e10,27.269953483123498
1.941e10,27.28300721153125
1.942e10,27.296053806254655
1.943e10,27.30909326884939
1.944e10,27.322125600879968
1.945e10,27.335150803919475
1.946e10,27.348168879549824
1.947e10,27.361179829361486
1.948e10,27.37418365495366
1.949e10,27.38718035793408
1.95e10,27.400169939919135
1.951e10,27.413152402533655
1.952e10,27.426127747411098
1.953e10,27.439095976193347
1.954e10,27.452057090530786
1.955e10,27.465011092082253
1.956e10,27.47795798251494
1.957e10,27.49089776350447
1.958e10,27.50383043673477
1.959e10,27.516756003898163
1.96e10,27.529674466695205
1.961e10,27.54258582683477
1.962e10,27.555490086033934
1.963e10,27.568387246018013
1.964e10,27.581277308520527
1.965e10,27.594160275283116
1.966e10,27.607036148055542
1.967e10,27.61990492859575
1.968e10,27.632766618669727
1.969e10,27.64562122005143
1.97e10,27.658468734522966
1.971e10,27.671309163874348
1.972e10,27.684142509903612
1.973e10,27.696968774416707
1.974e10,27.70978795922749
1.975e10,27.722600066157757
1.976e10,27.73540509703708
1.977e10,27.748203053702944
1.978e10,27.760993938000617
1.979e10,27.77377775178314
1.98e10,27.786554496911293
1.981e10,27.799324175253602
1.982e10,27.812086788686326
1.983e10,27.824842339093333
1.984e10,27.83759082836619
1.985e10,27.850332258404052
1.986e10,27.863066631113696
1.987e10,27.87579394840947
1.988e10,27.888514212213234
1.989e10,27.901227424454408
1.99e10,27.913933587069852
1.991e10,27.92663270200391
1.992e10,27.93932477120842
1.993e10,27.95200979664253
1.994e10,27.96468778027285
1.995e10,27.97735872407334
1.996e10,27.990022630025283
1.997e10,28.002679500117257
1.998e10,28.01532933634516
1.999e10,28.027972140712116
2.e10,28.040607915228506
2.001e10,28.05323666191189
2.002e10,28.065858382787056
2.003e10,28.07847307988586
2.004e10,28.091080755247418
2.005e10,28.103681410917847
2.006e10,28.116275048950367
2.007e10,28.128861671405286
2.008e10,28.141441280349905
2.009e10,28.154013877858553
2.01e10,28.166579466012532
2.011e10,28.179138046900086
2.012e10,28.191689622616448
2.013e10,28.204234195263638
2.014e10,28.21677176695071
2.015e10,28.229302339793428
2.016e10,28.241825915914472
2.017e10,28.254342497443307
2.018e10,28.266852086516202
2.019e10,28.279354685276125
2.02e10,28.29185029587286
2.021e10,28.304338920462815
2.022e10,28.316820561209113
2.023e10,28.32929522028158
2.024e10,28.341762899856626
2.025e10,28.3542236021173
2.026e10,28.366677329253204
2.027e10,28.37912408346054
2.028e10,28.391563866942022
2.029e10,28.403996681906907
2.03e10,28.416422530570927
2.031e10,28.428841415156256
2.032e10,28.441253337891556
2.033e10,28.4536583010119
2.034e10,28.466056306758713
2.035e10,28.478447357379864
2.036e10,28.490831455129502
2.037e10,28.503208602268135
2.038e10,28.515578801062567
2.039e10,28.527942053785893
2.04e10,28.540298362717422
2.041e10,28.552647730142755
2.042e10,28.56499015835364
2.043e10,28.57732564964807
2.044e10,28.58965420633012
2.045e10,28.601975830710067
2.046e10,28.614290525104305
2.047e10,28.62659829183528
2.048e10,28.638899133231515
2.049e10,28.651193051627622
2.05e10,28.6634800493642
2.051e10,28.675760128787807
2.052e10,28.688033292251077
2.053e10,28.70029954211251
2.054e10,28.712558880736594
2.055e10,28.724811310493706
2.056e10,28.737056833760104
2.057e10,28.749295452917917
2.058e10,28.761527170355087
2.059e10,28.77375198846546
2.06e10,28.78596990964856
2.061e10,28.7981809363098
2.062e10,28.810385070860228
2.063e10,28.822582315716755
2.064e10,28.834772673301877
2.065e10,28.846956146043883
2.066e10,28.859132736376612
2.067e10,28.871302446739616
2.068e10,28.88346527957806
2.069e10,28.895621237342706
2.07e10,28.907770322489927
2.071e10,28.919912537481522
2.072e10,28.932047884784986
2.073e10,28.944176366873183
2.074e10,28.956297986224566
2.075e10,28.968412745323015
2.076e10,28.980520646657872
2.077e10,28.99262169272382
2.078e10,29.00471588602114
2.079e10,29.016803229055206
2.08e10,29.028883724337046
2.081e10,29.040957374382845
2.082e10,29.05302418171413
2.083e10,29.06508414885778
2.084e10,29.07713727834589
2.085e10,29.089183572715832
2.086e10,29.101223034510237
2.087e10,29.113255666276885
2.088e10,29.125281470568794
2.089e10,29.137300449944174
2.09e10,29.149312606966284
2.091e10,29.16131794420361
2.092e10,29.17331646422969
2.093e10,29.1853081696232
2.094e10,29.19729306296781
2.095e10,29.209271146852274
2.096e10,29.221242423870358
2.097e10,29.233206896620864
2.098e10,29.24516456770757
2.099e10,29.25711543973915
2.1e10,29.269059515329296
2.101e10,29.280996797096588
2.102e10,29.292927287664497
2.103e10,29.304850989661418
2.104e10,29.316767905720553
2.105e10,29.328678038479982
2.106e10,29.340581390582557
2.107e10,29.352477964676012
2.108e10,29.364367763412844
2.109e10,29.376250789450186
2.11e10,29.38812704545008
2.111e10,29.399996534079175
2.112e10,29.41185925800889
2.113e10,29.423715219915245
2.114e10,29.435564422479022
2.115e10,29.44740686838559
2.116e10,29.45924256032488
2.117e10,29.47107150099156
2.118e10,29.48289369308477
2.119e10,29.494709139308206
2.12e10,29.506517842370215
2.121e10,29.518319804983562
2.122e10,29.53011502986561
2.123e10,29.541903519738096
2.124e10,29.5536852773273
2.125e10,29.565460305363914
2.126e10,29.577228606583095
2.127e10,29.588990183724373
2.128e10,29.60074503953167
2.129e10,29.612493176753294
2.13e10,29.62423459814191
2.131e10,29.635969306454474
2.132e10,29.64769730445232
2.133e10,29.65941859490097
2.134e10,29.671133180570344
2.135e10,29.68284106423458
2.136e10,29.69454224867197
2.137e10,29.70623673666514
2.138e10,29.717924531000854
2.139e10,29.729605634470083
2.14e10,29.741280049867918
2.141e10,29.752947779993676
2.142e10,29.76460882765074
2.143e10,29.776263195646546
2.144e10,29.78791088679275
2.145e10,29.79955190390501
2.146e10,29.811186249803022
2.147e10,29.822813927310538
2.148e10,29.834434939255328
2.149e10,29.84604928846917
2.15e10,29.85765697778776
2.151e10,29.86925801005082
2.152e10,29.880852388102028
2.153e10,29.892440114788926
2.154e10,29.904021192963043
2.155e10,29.915595625479675
2.156e10,29.927163415198137
2.157e10,29.93872456498147
2.158e10,29.950279077696635
2.159e10,29.96182695621442
2.16e10,29.973368203409326
2.161e10,29.98490282215968
2.162e10,29.996430815347633
2.163e10,30.007952185859008
2.164e10,30.019466936583413
2.165e10,30.030975070414094
2.166e10,30.042476590248103
2.167e10,30.053971498986105
2.168e10,30.065459799532352
2.169e10,30.0769414947949
2.17e10,30.08841658768533
2.171e10,30.099885081118877
2.172e10,30.11134697801429
2.173e10,30.122802281293986
2.174e10,30.13425099388388
2.175e10,30.145693118713474
2.176e10,30.157128658715727
2.177e10,30.16855761682719
2.178e10,30.179979995987857
2.179e10,30.191395799141176
2.18e10,30.202805029234078
2.181e10,30.21420768921697
2.182e10,30.22560378204359
2.183e10,30.236993310671178
2.184e10,30.24837627806028
2.185e10,30.259752687174895
2.186e10,30.271122540982304
2.187e10,30.2824858424532
2.188e10,30.29384259456153
2.189e10,30.305192800284612
2.19e10,30.31653646260297
2.191e10,30.32787358450047
2.192e10,30.33920416896427
2.193e10,30.35052821898468
2.194e10,30.361845737555246
2.195e10,30.37315672767281
2.196e10,30.384461192337305
2.197e10,30.395759134551934
2.198e10,30.407050557322925
2.199e10,30.418335463659805
2.2e10,30.429613856575166
2.201e10,30.440885739084663
2.202e10,30.452151114207123
2.203e10,30.4634099849644
2.204e10,30.47466235438145
2.205e10,30.485908225486256
2.206e10,30.49714760130989
2.207e10,30.5083804848863
2.208e10,30.519606879252642
2.209e10,30.530826787448845
2.21e10,30.542040212517968
2.211e10,30.553247157505957
2.212e10,30.56444762546169
2.213e10,30.575641619437018
2.214e10,30.586829142486625
2.215e10,30.59801019766818
2.216e10,30.609184788042175
2.217e10,30.620352916671933
2.218e10,30.631514586623737
2.219e10,30.642669800966566
2.22e10,30.653818562772297
2.221e10,30.664960875115604
2.222e10,30.67609674107393
2.223e10,30.687226163727477
2.224e10,30.69834914615927
2.225e10,30.70946569145498
2.226e10,30.720575802703046
2.227e10,30.731679482994693
2.228e10,30.74277673542368
2.229e10,30.753867563086633
2.23e10,30.764951969082674
2.231e10,30.776029956513714
2.232e10,30.787101528484197
2.233e10,30.798166688101276
2.234e10,30.80922543847468
2.235e10,30.82027778271669
2.236e10,30.83132372394223
2.237e10,30.842363265268762
2.238e10,30.853396409816284
2.239e10,30.864423160707336
2.24e10,30.875443521066956
2.241e10,30.886457494022807
2.242e10,30.897465082704883
2.243e10,30.908466290245723
2.244e10,30.919461119780355
2.245e10,30.930449574446268
2.246e10,30.9414316573833
2.247e10,30.95240737173382
2.248e10,30.963376720642447
2.249e10,30.97433970725641
2.25e10,30.985296334725163
2.251e10,30.99624660620052
2.252e10,31.007190524836705
2.253e10,31.018128093790317
2.254e10,31.029059316220163
2.255e10,31.03998419528744
2.256e10,31.05090273415564
2.257e10,31.061814935990466
2.258e10,31.072720803959985
2.259e10,31.083620341234443
2.26e10,31.094513550986328
2.261e10,31.105400436390493
2.262e10,31.116281000623747
2.263e10,31.127155246865335
2.264e10,31.138023178296578
2.265e10,31.14888479810094
2.266e10,31.159740109464185
2.267e10,31.170589115574074
2.268e10,31.18143181962052
2.269e10,31.19226822479567
2.27e10,31.203098334293607
2.271e10,31.21392215131066
2.272e10,31.22473967904515
2.273e10,31.23555092069748
2.274e10,31.24635587947014
2.275e10,31.257154558567557
2.276e10,31.267946961196348
2.277e10,31.278733090565005
2.278e10,31.289512949884042
2.279e10,31.300286542366003
2.28e10,31.31105387122544
2.281e10,31.321814939678735
2.282e10,31.332569750944344
2.283e10,31.34331830824261
2.284e10,31.35406061479577
2.285e10,31.36479667382803
2.286e10,31.3755264885654
2.287e10,31.386250062235945
2.288e10,31.3969673980694
2.289e10,31.407678499297486
2.29e10,31.41838336915373
2.291e10,31.42908201087351
2.292e10,31.439774427694022
2.293e10,31.45046062285421
2.294e10,31.46114059959492
2.295e10,31.471814361158707
2.296e10,31.4824819107899
2.297e10,31.49314325173465
2.298e10,31.50379838724075
2.299e10,31.514447320557824
2.3e10,31.525090054937177
2.301e10,31.535726593631797
2.302e10,31.546356939896427
2.303e10,31.556981096987453
2.304e10,31.56759906816296
2.305e10,31.57821085668265
2.306e10,31.58881646580793
2.307e10,31.599415898801787
2.308e10,31.61000915892887
2.309e10,31.620596249455495
2.31e10,31.631177173649462
2.311e10,31.641751934780192
2.312e10,31.652320536118758
2.313e10,31.66288298093771
2.314e10,31.6734392725112
2.315e10,31.683989414114873
2.316e10,31.694533409026004
2.317e10,31.705071260523276
2.318e10,31.715602971886955
2.319e10,31.726128546398698
2.32e10,31.7366479873418
2.321e10,31.747161298000915
2.322e10,31.757668481662154
2.323e10,31.768169541613133
2.324e10,31.778664481142847
2.325e10,31.789153303541823
2.326e10,31.799636012101864
2.327e10,31.810112610116256
2.328e10,31.820583100879624
2.329e10,31.831047487688082
2.33e10,31.841505773838968
2.331e10,31.851957962631076
2.332e10,31.862404057364497
2.333e10,31.87284406134068
2.334e10,31.883277977862413
2.335e10,31.89370581023375
2.336e10,31.904127561760102
2.337e10,31.914543235748138
2.338e10,31.92495283550577
2.339e10,31.935356364342244
2.34e10,31.94575382556803
2.341e10,31.956145222494857
2.342e10,31.966530558435675
2.343e10,31.97690983670464
2.344e10,31.987283060617187
2.345e10,31.997650233489896
2.346e10,32.00801135864056
2.347e10,32.01836643938812
2.348e10,32.02871547905276
2.349e10,32.03905848095576
2.35e10,32.04939544841952
2.351e10,32.059726384767714
2.352e10,32.07005129332499
2.353e10,32.08037017741721
2.354e10,32.09068304037126
2.355e10,32.10098988551524
2.356e10,32.111290716178225
2.357e10,32.12158553569039
2.358e10,32.13187434738308
2.359e10,32.142157154588496
2.36e10,32.15243396064007
2.361e10,32.162704768872125
2.362e10,32.17296958262012
2.363e10,32.18322840522043
2.364e10,32.19348124001056
2.365e10,32.20372809032882
2.366e10,32.21396895951471
2.367e10,32.224203850908545
2.368e10,32.23443276785165
2.369e10,32.24465571368633
2.37e10,32.25487269175579
2.371e10,32.265083705404216
2.372e10,32.27528875797665
2.373e10,32.285487852819095
2.374e10,32.295680993278474
2.375e10,32.30586818270252
2.376e10,32.31604942443991
2.377e10,32.32622472184016
2.378e10,32.33639407825373
2.379e10,32.34655749703176
2.38e10,32.35671498152644
2.381e10,32.3668665350906
2.382e10,32.377012161078085
2.383e10,32.387151862843375
2.384e10,32.397285643741846
2.385e10,32.407413507129654
2.386e10,32.41753545636377
2.387e10,32.42765149480186
2.388e10,32.437761625802395
2.389e10,32.44786585272463
2.39e10,32.457964178928535
2.391e10,32.46805660777483
2.392e10,32.478143142624944
2.393e10,32.488223786841026
2.394e10,32.49829854378596
2.395e10,32.508367416823305
2.396e10,32.51843040931726
2.397e10,32.52848752463282
2.398e10,32.538538766135574
2.399e10,32.54858413719176
2.4e10,32.55862364116832
2.401e10,32.56865728143277
2.402e10,32.57868506135335
2.403e10,32.588706984298824
2.404e10,32.59872305363869
2.405e10,32.60873327274292
2.406e10,32.61873764498215
2.407e10,32.628736173727646
2.408e10,32.63872886235116
2.409e10,32.64871571422509
2.41e10,32.65869673272236
2.411e10,32.668671921216465
2.412e10,32.678641283081426
2.413e10,32.688604821691776
2.414e10,32.698562540422614
2.415e10,32.708514442649545
2.416e10,32.718460531748704
2.417e10,32.728400811096634
2.418e10,32.73833528407053
2.419e10,32.74826395404787
2.42e10,32.75818682440675
2.421e10,32.76810389852571
2.422e10,32.7780151797837
2.423e10,32.787920671560165
2.424e10,32.79782037723491
2.425e10,32.80771430018825
2.426e10,32.81760244380087
2.427e10,32.827484811453964
2.428e10,32.837361406528956
2.429e10,32.847232232407876
2.43e10,32.857097292472915
2.431e10,32.86695659010683
2.432e10,32.876810128692675
2.433e10,32.8866579116138
2.434e10,32.89649994225407
2.435e10,32.90633622399754
2.436e10,32.91616676022872
2.437e10,32.92599155433235
2.438e10,32.935810609693476
2.439e10,32.945623929697646
2.44e10,32.955431517730446
2.441e10,32.965233377178016
2.442e10,32.97502951142655
2.443e10,32.98481992386267
2.444e10,32.99460461787325
2.445e10,33.00438359684539
2.446e10,33.01415686416647
2.447e10,33.023924423224095
2.448e10,33.03368627740613
2.449e10,33.04344243010066
2.45e10,33.053192884696045
2.451e10,33.06293764458074
2.452e10,33.07267671314354
2.453e10,33.08241009377335
2.454e10,33.092137789859294
2.455e10,33.10185980479075
2.456e10,33.11157614195708
2.457e10,33.12128680474807
2.458e10,33.13099179655347
2.459e10,33.1406911207633
2.46e10,33.15038478076764
2.461e10,33.16007277995672
2.462e10,33.169755121720975
2.463e10,33.1794318094509
2.464e10,33.18910284653714
2.465e10,33.19876823637034
2.466e10,33.20842798234143
2.467e10,33.21808208784127
2.468e10,33.22773055626088
2.469e10,33.23737339099136
2.47e10,33.24701059542383
2.471e10,33.25664217294954
2.472e10,33.26626812695974
2.473e10,33.275888460845735
2.474e10,33.2855031779989
2.475e10,33.29511228181062
2.476e10,33.30471577567232
2.477e10,33.31431366297541
2.478e10,33.3239059471114
2.479e10,33.333492631471636
2.48e10,33.34307371944762
2.481e10,33.352649214430784
2.482e10,33.362219119812536
2.483e10,33.37178343898426
2.484e10,33.38134217533732
2.485e10,33.390895332263064
2.486e10,33.40044291315268
2.487e10,33.40998492139746
2.488e10,33.41952136038853
2.489e10,33.429052233517005
2.49e10,33.43857754417387
2.491e10,33.44809729575007
2.492e10,33.45761149163642
2.493e10,33.46712013522374
2.494e10,33.47662322990259
2.495e10,33.48612077906356
2.496e10,33.49561278609706
2.497e10,33.50509925439338
2.498e10,33.51458018734269
2.499e10,33.524055588334996
2.5e10,33.53352546076022
2.501e10,33.54298980800809
2.502e10,33.552448633468124
2.503e10,33.561901940529886
2.504e10,33.57134973258244
2.505e10,33.58079201301498
2.506e10,33.59022878521635
2.507e10,33.59966005257522
2.508e10,33.60908581848008
2.509e10,33.61850608631925
2.51e10,33.627920859480845
2.511e10,33.63733014135268
2.512e10,33.64673393532238
2.513e10,33.65613224477742
2.514e10,33.66552507310489
2.515e10,33.674912423691794
2.516e10,33.68429429992481
2.517e10,33.69367070519033
2.518e10,33.70304164287453
2.519e10,33.712407116363316
2.52e10,33.721767129042334
2.521e10,33.73112168429686
2.522e10,33.74047078551202
2.523e10,33.74981443607252
2.524e10,33.75915263936286
2.525e10,33.76848539876715
2.526e10,33.77781271766926
2.527e10,33.78713459945272
2.528e10,33.79645104750074
2.529e10,33.80576206519611
2.53e10,33.81506765592145
2.531e10,33.824367823058886
2.532e10,33.83366256999031
2.533e10,33.84295190009714
2.534e10,33.85223581676055
2.535e10,33.86151432336126
2.536e10,33.87078742327965
2.537e10,33.880055119895715
2.538e10,33.8893174165891
2.539e10,33.89857431673901
2.54e10,33.90782582372427
2.541e10,33.91707194092327
2.542e10,33.926312671714065
2.543e10,33.9355480194742
2.544e10,33.944777987580906
2.545e10,33.95400257941088
2.546e10,33.96322179834047
2.547e10,33.97243564774556
2.548e10,33.98164413100153
2.549e10,33.99084725148346
2.55e10,34.000045012565764
2.551e10,34.009237417622536
2.552e10,34.01842447002743
2.553e10,34.02760617315351
2.554e10,34.03678253037342
2.555e10,34.04595354505933
2.556e10,34.05511922058295
2.557e10,34.064279560315434
2.558e10,34.07343456762741
2.559e10,34.08258424588907
2.56e10,34.09172859847006
2.561e10,34.100867628739564
2.562e10,34.11000134006615
2.563e10,34.1191297358179
2.564e10,34.12825281936237
2.565e10,34.13737059406657
2.566e10,34.14648306329697
2.567e10,34.15559023041947
2.568e10,34.164692098799435
2.569e10,34.17378867180165
2.57e10,34.18287995279035
2.571e10,34.19196594512918
2.572e10,34.20104665218126
2.573e10,34.210122077309
2.574e10,34.219192223874416
2.575e10,34.22825709523874
2.576e10,34.23731669476268
2.577e10,34.246371025806404
2.578e10,34.25542009172938
2.579e10,34.26446389589051
2.58e10,34.273502441648006
2.581e10,34.28253573235959
2.582e10,34.2915637713822
2.583e10,34.30058656207226
2.584e10,34.30960410778551
2.585e10,34.31861641187702
2.586e10,34.32762347770121
2.587e10,34.336625308611914
2.588e10,34.34562190796221
2.589e10,34.354613279104605
2.59e10,34.36359942539087
2.591e10,34.37258035017211
2.592e10,34.38155605679875
2.593e10,34.39052654862054
2.594e10,34.39949182898652
2.595e10,34.408451901245094
2.596e10,34.417406768743916
2.597e10,34.42635643482989
2.598e10,34.435300902849306
2.599e10,34.44424017614768
2.6e10,34.45317425806987
2.601e10,34.462103151959866
2.602e10,34.47102686116113
2.603e10,34.47994538901623
2.604e10,34.48885873886704
2.605e10,34.49776691405472
2.606e10,34.50666991791966
2.607e10,34.51556775380151
2.608e10,34.52446042503915
2.609e10,34.53334793497067
2.61e10,34.542230286933474
2.611e10,34.551107484264094
2.612e10,34.55997953029833
2.613e10,34.568846428371266
2.614e10,34.57770818181708
2.615e10,34.58656479396924
2.616e10,34.59541626816039
2.617e10,34.60426260772238
2.618e10,34.61310381598632
2.619e10,34.62193989628237
2.62e10,34.63077085194002
2.621e10,34.6395966862878
2.622e10,34.64841740265361
2.623e10,34.6572330043643
2.624e10,34.66604349474611
2.625e10,34.67484887712427
2.626e10,34.68364915482323
2.627e10,34.692444331166634
2.628e10,34.701234409477266
2.629e10,34.710019393077005
2.63e10,34.7187992852869
2.631e10,34.727574089427186
2.632e10,34.73634380881719
2.633e10,34.74510844677533
2.634e10,34.753868006619165
2.635e10,34.76262249166551
2.636e10,34.771371905230126
2.637e10,34.78011625062796
2.638e10,34.788855531173034
2.639e10,34.797589750178545
2.64e10,34.806318910956726
2.641e10,34.815043016818905
2.642e10,34.823762071075556
2.643e10,34.832476077036176
2.644e10,34.84118503800943
2.645e10,34.849888957302966
2.646e10,34.85858783822356
2.647e10,34.867281684077085
2.648e10,34.87597049816841
2.649e10,34.884654283801495
2.65e10,34.89333304427942
2.651e10,34.90200678290427
2.652e10,34.910675502977135
2.653e10,34.91933920779829
2.654e10,34.92799790066687
2.655e10,34.93665158488121
2.656e10,34.94530026373859
2.657e10,34.953943940535346
2.658e10,34.962582618566856
2.659e10,34.971216301127505
2.66e10,34.97984499151073
2.661e10,34.988468693008926
2.662e10,34.99708740891355
2.663e10,35.00570114251505
2.664e10,35.014309897102855
2.665e10,35.02291367596547
2.666e10,35.031512482390326
2.667e10,35.04010631966382
2.668e10,35.04869519107149
2.669e10,35.05727909989767
2.67e10,35.065858049425785
2.671e10,35.074432042938255
2.672e10,35.08300108371638
2.673e10,35.09156517504055
2.674e10,35.10012432019002
2.675e10,35.10867852244304
2.676e10,35.117227785076906
2.677e10,35.125772111367716
2.678e10,35.13431150459063
2.679e10,35.14284596801975
2.68e10,35.151375504928076
2.681e10,35.159900118587544
2.682e10,35.168419812269136
2.683e10,35.176934589242656
2.684e10,35.18544445277689
2.685e10,35.19394940613953
2.686e10,35.20244945259722
2.687e10,35.21094459541545
2.688e10,35.21943483785876
2.689e10,35.22792018319049
2.69e10,35.23640063467295
2.691e10,35.24487619556732
2.692e10,35.253346869133736
2.693e10,35.26181265863117
2.694e10,35.27027356731754
2.695e10,35.278729598449615
2.696e10,35.287180755283124
2.697e10,35.29562704107258
2.698e10,35.304068459071466
2.699e10,35.31250501253214
2.7e10,35.320936704705815
2.701e10,35.329363538842536
2.702e10,35.33778551819128
2.703e10,35.34620264599989
2.704e10,35.35461492551503
2.705e10,35.36302235998225
2.706e10,35.37142495264603
2.707e10,35.37982270674949
2.708e10,35.3882156255349
2.709e10,35.39660371224307
2.71e10,35.4049869701139
2.711e10,35.41336540238601
2.712e10,35.42173901229691
2.713e10,35.43010780308286
2.714e10,35.438471777979096
2.715e10,35.44683094021955
2.716e10,35.45518529303701
2.717e10,35.46353483966313
2.718e10,35.47187958332838
2.719e10,35.480219527262015
2.72e10,35.488554674692104
2.721e10,35.49688502884551
2.722e10,35.50521059294801
2.723e10,35.513531370224044
2.724e10,35.52184736389695
2.725e10,35.53015857718881
2.726e10,35.53846501332053
2.727e10,35.546766675511826
2.728e10,35.55506356698112
2.729e10,35.56335569094575
2.73e10,35.57164305062175
2.731e10,35.5799256492239
2.732e10,35.588203489965885
2.733e10,35.59647657606006
2.734e10,35.604744910717606
2.735e10,35.613008497148414
2.736e10,35.62126733856119
2.737e10,35.629521438163394
2.738e10,35.637770799161274
2.739e10,35.64601542475979
2.74e10,35.654255318162654
2.741e10,35.662490482572395
2.742e10,35.6707209211902
2.743e10,35.67894663721606
2.744e10,35.687167633848766
2.745e10,35.69538391428577
2.746e10,35.703595481723184
2.747e10,35.71180233935603
2.748e10,35.720004490378024
2.749e10,35.728201937981474
2.75e10,35.7363946853576
2.751e10,35.74458273569621
2.752e10,35.752766092185894
2.753e10,35.76094475801401
2.754e10,35.769118736366494
2.755e10,35.777288030428146
2.756e10,35.785452643382385
2.757e10,35.79361257841139
2.758e10,35.80176783869601
2.759e10,35.80991842741579
2.76e10,35.81806434774907
2.761e10,35.82620560287277
2.762e10,35.83434219596257
2.763e10,35.84247413019279
2.764e10,35.850601408736544
2.765e10,35.85872403476555
2.766e10,35.86684201145022
2.767e10,35.87495534195967
2.768e10,35.883064029461735
2.769e10,35.89116807712286
2.77e10,35.899267488108144
2.771e10,35.90736226558152
2.772e10,35.915452412705385
2.773e10,35.92353793264097
2.774e10,35.93161882854808
2.775e10,35.93969510358524
2.776e10,35.94776676090953
2.777e10,35.95583380367684
2.778e10,35.96389623504165
2.779e10,35.97195405815707
2.78e10,35.9800072761749
2.781e10,35.98805589224556
2.782e10,35.99609990951816
2.783e10,36.00413933114037
2.784e10,36.01217416025864
2.785e10,36.02020440001793
2.786e10,36.02823005356192
2.787e10,36.03625112403286
2.788e10,36.044267614571766
2.789e10,36.0522795283181
2.79e10,36.06028686841009
2.791e10,36.06828963798457
2.792e10,36.07628784017693
2.793e10,36.08428147812129
2.794e10,36.09227055495027
2.795e10,36.10025507379523
2.796e10,36.108235037786095
2.797e10,36.11621045005135
2.798e10,36.124181313718196
2.799e10,36.13214763191233
2.8e10,36.140109407758175
2.801e10,36.14806664437868
2.802e10,36.156019344895405
2.803e10,36.16396751242854
2.804e10,36.17191115009689
2.805e10,36.17985026101781
2.806e10,36.187784848307274
2.807e10,36.19571491507981
2.808e10,36.203640464448654
2.809e10,36.2115614995255
2.81e10,36.21947802342064
2.811e10,36.22739003924307
2.812e10,36.23529755010026
2.813e10,36.243200559098284
2.814e10,36.25109906934181
2.815e10,36.25899308393411
2.816e10,36.266882605976924
2.817e10,36.274767638570715
2.818e10,36.282648184814406
2.819e10,36.29052424780559
2.82e10,36.29839583064023
2.821e10,36.30626293641312
2.822e10,36.31412556821742
2.823e10,36.321983729144975
2.824e10,36.32983742228604
2.825e10,36.3376866507296
2.826e10,36.34553141756311
2.827e10,36.353371725872556
2.828e10,36.361207578742544
2.829e10,36.369038979256146
2.83e10,36.37686593049507
2.831e10,36.38468843553952
2.832e10,36.392506497468275
2.833e10,36.400320119358646
2.834e10,36.408129304286454
2.835e10,36.41593405532607
2.836e10,36.42373437555044
2.837e10,36.43153026803105
2.838e10,36.43932173583783
2.839e10,36.4471087820394
2.84e10,36.454891409702704
2.841e10,36.462669621893454
2.842e10,36.47044342167565
2.843e10,36.478212812112005
2.844e10,36.485977796263676
2.845e10,36.49373837719035
2.846e10,36.50149455795021
2.847e10,36.5092463416
2.848e10,36.51699373119494
2.849e10,36.524736729788835
2.85e10,36.53247534043395
2.851e10,36.54020956618102
2.852e10,36.547939410079415
2.853e10,36.55566487517687
2.854e10,36.56338596451977
2.855e10,36.57110268115289
2.856e10,36.57881502811956
2.857e10,36.5865230084616
2.858e10,36.59422662521935
2.859e10,36.601925881431626
2.86e10,36.609620780135785
2.861e10,36.6173113243676
2.862e10,36.62499751716141
2.863e10,36.632679361550046
2.864e10,36.64035686056476
2.865e10,36.648030017235385
2.866e10,36.655698834590176
2.867e10,36.66336331565594
2.868e10,36.67102346345786
2.869e10,36.67867928101972
2.87e10,36.686330771363735
2.871e10,36.69397793751061
2.872e10,36.70162078247951
2.873e10,36.7092593092881
2.874e10,36.71689352095255
2.875e10,36.72452342048741
2.876e10,36.7321490109058
2.877e10,36.739770295219266
2.878e10,36.74738727643786
2.879e10,36.75499995757005
2.88e10,36.76260834162282
2.881e10,36.77021243160159
2.882e10,36.7778122305103
2.883e10,36.78540774135129
2.884e10,36.79299896712535
2.885e10,36.8005859108318
2.886e10,36.808168575468386
2.887e10,36.81574696403135
2.888e10,36.823321079515296
2.889e10,36.83089092491339
2.89e10,36.83845650321716
2.891e10,36.84601781741669
2.892e10,36.85357487050044
2.893e10,36.86112766545532
2.894e10,36.86867620526673
2.895e10,36.87622049291852
2.896e10,36.88376053139293
2.897e10,36.89129632367072
2.898e10,36.898827872731
2.899e10,36.90635518155145
2.9e10,36.91387825310806
2.901e10,36.92139709037537
2.902e10,36.92891169632629
2.903e10,36.936422073932206
2.904e10,36.94392822616293
2.905e10,36.951430155986664
2.906e10,36.95892786637014
2.907e10,36.96642136027844
2.908e10,36.973910640675115
2.909e10,36.98139571052217
2.91e10,36.98887657277997
2.911e10,36.99635323040736
2.912e10,37.00382568636166
2.913e10,37.011293943598446
2.914e10,37.01875800507192
2.915e10,37.02621787373461
2.916e10,37.03367355253748
2.917e10,37.041125044429904
2.918e10,37.04857235235969
2.919e10,37.05601547927306
2.92e10,37.06345442811466
2.921e10,37.07088920182758
2.922e10,37.078319803353246
2.923e10,37.08574623563161
2.924e10,37.09316850160093
2.925e10,37.100586604197964
2.926e10,37.10800054635784
2.927e10,37.115410331014104
2.928e10,37.12281596109874
2.929e10,37.130217439542065
2.93e10,37.13761476927286
2.931e10,37.145007953218325
2.932e10,37.152396994304056
2.933e10,37.15978189545405
2.934e10,37.1671626595907
2.935e10,37.174539289634794
2.936e10,37.18191178850556
2.937e10,37.18928015912057
2.938e10,37.19664440439586
2.939e10,37.2040045272458
2.94e10,37.21136053058328
2.941e10,37.21871241731938
2.942e10,37.22606019036378
2.943e10,37.23340385262448
2.944e10,37.240743407007805
2.945e10,37.248078856418594
2.946e10,37.25541020376
2.947e10,37.26273745193358
2.948e10,37.27006060383933
2.949e10,37.27737966237558
2.95e10,37.28469463043905
2.951e10,37.29200551092489
2.952e10,37.29931230672662
2.953e10,37.30661502073614
2.954e10,37.31391365584371
2.955e10,37.32120821493802
2.956e10,37.32849870090615
2.957e10,37.335785116633474
2.958e10,37.343067465003905
2.959e10,37.350345748899606
2.96e10,37.357619971201146
2.961e10,37.36489013478753
2.962e10,37.37215624253607
2.963e10,37.379418297322495
2.964e10,37.38667630202092
2.965e10,37.3939302595038
2.966e10,37.40118017264202
2.967e10,37.408426044304804
2.968e10,37.415667877359745
2.969e10,37.422905674672826
2.97e10,37.43013943910843
2.971e10,37.43736917352927
2.972e10,37.44459488079639
2.973e10,37.45181656376929
2.974e10,37.45903422530583
2.975e10,37.46624786826218
2.976e10,37.473457495492994
2.977e10,37.480663109851115
2.978e10,37.4878647141879
2.979e10,37.49506231135307
2.98e10,37.502255904194584
2.981e10,37.50944549555889
2.982e10,37.51663108829079
2.983e10,37.52381268523342
2.984e10,37.5309902892282
2.985e10,37.53816390311508
2.986e10,37.54533352973228
2.987e10,37.55249917191637
2.988e10,37.559660832502296
2.989e10,37.56681851432335
2.99e10,37.57397222021119
2.991e10,37.5811219529959
2.992e10,37.58826771550587
2.993e10,37.59540951056778
2.994e10,37.60254734100673
2.995e10,37.60968120964623
2.996e10,37.61681111930806
2.997e10,37.6239370728124
2.998e10,37.631059072977756
2.999e10,37.638177122621
3.e10,37.645291224557354