1.e8,0.2120783545216667
1.1e8,0.22689050927168763
1.2e8,0.24161914732364
1.3e8,0.25629227768433377
1.4e8,0.2709303827565949
1.5e8,0.2855487743623446
1.6e8,0.3001591182083371
1.7e8,0.31477044972532664
1.8e8,0.32938986859708297
1.9e8,0.34402302448322786
2.e8,0.35867446360927807
2.1e8,0.3733478805605509
2.2e8,0.38804630418596336
2.3e8,0.4027722368723247
2.4e8,0.4175277602776267
2.5e8,0.43231461657769793
2.6e8,0.44713427159255176
2.7e8,0.4619879643358962
2.8e8,0.47687674627496485
2.9e8,0.4918015127091161
3.e8,0.5067630280525057
3.1e8,0.5217619463586225
3.2e8,0.5367988280992961
3.3e8,0.5518741539718283
3.4e8,0.5669883363306014
3.5e8,0.5821417287065851
3.6e8,0.5973346337776827
3.7e8,0.6125673100762438
3.8e8,0.6278399776611234
3.9e8,0.6431528229361156
4.e8,0.6585060027609471
4.1e8,0.6738996479731387
4.2e8,0.6893338664169393
4.3e8,0.7048087455580032
4.4e8,0.7203243547484521
4.5e8,0.7358807471956944
4.6e8,0.7514779616792608
4.7e8,0.7671160240525121
4.8e8,0.7827949485600469
4.9e8,0.7985147389966899
5.e8,0.8142753897298719
5.1e8,0.8300768866038417
5.2e8,0.8459192077413566
5.3e8,0.861802324256199
5.4e8,0.8777262008878781
5.5e8,0.8936907965682823
5.6e8,0.9096960649286673
5.7e8,0.9257419547541861
5.8e8,0.9418284103922168
5.9e8,0.9579553721198818
6.e8,0.9741227764754589
6.1e8,0.9903305565577701
6.2e8,1.006578642297117
6.3e8,1.0228669607008796
6.4e8,1.039195436076511
6.5e8,1.05556399023435
6.6e8,1.0719725426723343
6.7e8,1.088421010744503
6.8e8,1.10490930981494
6.9e8,1.1214373533985988
7.e8,1.1380050532903212
7.1e8,1.1546123196831952
7.2e8,1.1712590612772664
7.3e8,1.187945185379543
7.4e8,1.2046705979960735
7.5e8,1.2214352039168634
7.6e8,1.2382389067942539
7.7e8,1.2550816092153683
7.8e8,1.2719632127691523
7.9e8,1.2888836181084675
8.e8,1.3058427250076823
8.1e8,1.3228404324161376
8.2e8,1.3398766385078322
8.3e8,1.356951240727657
8.4e8,1.3740641358344368
8.5e8,1.3912152199410786
8.6e8,1.4084043885520174
8.7e8,1.4256315365981982
8.8e8,1.4428965584697933
8.9e8,1.4601993480468092
9.e8,1.47753979872777
9.1e8,1.4949178034565935
9.2e8,1.5123332547478383
9.3e8,1.5297860447103968
9.4e8,1.5472760650697819
9.5e8,1.5648032071890967
9.6e8,1.582367362088782
9.7e8,1.5999684204652271
9.8e8,1.6176062727083398
9.9e8,1.6352808089181219
1.e9,1.652991918920341
1.01e9,1.6707394922813523
1.02e9,1.688523418322118
1.03e9,1.706343586131509
1.04e9,1.7241998845788928
1.05e9,1.7420922023260974
1.06e9,1.760020427838752
1.07e9,1.7779844493970816
1.08e9,1.7959841551061668
1.09e9,1.8140194329057033
1.1e9,1.8320901705793147
1.11e9,1.8501962557634064
1.12e9,1.868337575955632
1.13e9,1.8865140185229676
1.14e9,1.9047254707094257
1.15e9,1.9229718196434331
1.16e9,1.9412529523448847
1.17e9,1.9595687557319055
1.18e9,1.9779191166273236
1.19e9,1.9963039217648797
1.2e9,2.01472305779518
1.21e9,2.0331764112914246
1.22e9,2.0516638687548925
1.23e9,2.070185316620238
1.24e9,2.0887406412605705
1.25e9,2.1073297289923367
1.26e9,2.1259524660800704
1.27e9,2.1446087387409074
1.28e9,2.163298433148986
1.29e9,2.182021435439693
1.3e9,2.200777631713725
1.31e9,2.219566908041079
1.32e9,2.23838915046485
1.33e9,2.257244245004943
1.34e9,2.27613207766166
1.35e9,2.2950525344191646
1.36e9,2.3140055012488574
1.37e9,2.3329908641126336
1.38e9,2.3520085089660707
1.39e9,2.3710583217614776
1.4e9,2.390140188450919
1.41e9,2.4092539949891023
1.42e9,2.428399627336223
1.43e9,2.4475769714607036
1.44e9,2.466785913341891
1.45e9,2.486026338972652
1.46e9,2.505298134361949
1.47e9,2.5246011855372887
1.48e9,2.543935378547176
1.49e9,2.563300599463465
1.5e9,2.5826967343836795
1.51e9,2.6021236694332637
1.52e9,2.621581290767791
1.53e9,2.64106948457513
1.54e9,2.6605881370775544
1.55e9,2.680137134533798
1.56e9,2.6997163632411088
1.57e9,2.719325709537195
1.58e9,2.7389650598022004
1.59e9,2.758634300460599
1.6e9,2.7783333179830554
1.61e9,2.7980619988882705
1.62e9,2.817820229744777
1.63e9,2.8376078971727017
1.64e9,2.8574248878455104
1.65e9,2.877271088491699
1.66e9,2.8971463858964834
1.67e9,2.917050666903435
1.68e9,2.936983818416106
1.69e9,2.9569457273996163
1.7e9,2.9769362808822346
1.71e9,2.996955365956898
1.72e9,3.017002869782754
1.73e9,3.037078679586645
1.74e9,3.057182682664564
1.75e9,3.0773147663831475
1.76e9,3.097474818181063
1.77e9,3.117662725570445
1.78e9,3.137878376138274
1.79e9,3.1581216575477384
1.8e9,3.17839245753961
1.81e9,3.1986906639335513
1.82e9,3.2190161646294517
1.83e9,3.239368847608709
1.84e9,3.259748600935521
1.85e9,3.2801553127581515
1.86e9,3.3005888713101705
1.87e9,3.321049164911706
1.88e9,3.3415360819706317
1.89e9,3.362049510983806
1.9e9,3.382589340538249
1.91e9,3.4031554593122952
1.92e9,3.4237477560767964
1.93e9,3.444366119696245
1.94e9,3.4650104391299097
1.95e9,3.4856806034329693
1.96e9,3.506376501757613
1.97e9,3.527098023354146
1.98e9,3.5478450575720717
1.99e9,3.568617493861174
2.e9,3.589415221772561
2.01e9,3.610238130959745
2.02e9,3.6310861111796617
2.03e9,3.6519590522937047
2.04e9,3.6728568442687544
2.05e9,3.6937793771781817
2.06e9,3.7147265412028316
2.07e9,3.735698226632045
2.08e9,3.756694323864612
2.09e9,3.7777147234097397
2.1e9,3.7987593158880415
2.11e9,3.8198279920324407
2.12e9,3.840920642689165
2.13e9,3.86203715881863
2.14e9,3.883177431496399
2.15e9,3.904341351914077
2.16e9,3.9255288113802247
2.17e9,3.946739701321252
2.18e9,3.9679739132823086
2.19e9,3.9892313389281666
2.2e9,4.0105118700440885
2.21e9,4.031815398536701
2.22e9,4.053141816434835
2.23e9,4.0744910158903975
2.24e9,4.095862889179176
2.25e9,4.117257328701715
2.26e9,4.138674226984123
2.27e9,4.160113476678868
2.28e9,4.181574970565626
2.29e9,4.203058601552068
2.3e9,4.224564262674643
2.31e9,4.246091847099382
2.32e9,4.267641248122692
2.33e9,4.289212359172095
2.34e9,4.310805073807038
2.35e9,4.332419285719619
2.36e9,4.354054888735363
2.37e9,4.375711776813956
2.38e9,4.397389844049999
2.39e9,4.419088984673731
2.4e9,4.440809093051772
2.41e9,4.462550063687825
2.42e9,4.4843117912233925
2.43e9,4.506094170438516
2.44e9,4.527897096252435
2.45e9,4.549720463724315
2.46e9,4.57156416805392
2.47e9,4.593428104582305
2.48e9,4.61531216879249
2.49e9,4.6372162563101265
2.5e9,4.65914026290418
2.51e9,4.6810840844875745
2.52e9,4.70304761711784
2.53e9,4.7250307569977945
2.54e9,4.747033400476133
2.55e9,4.769055444048117
2.56e9,4.791096784356165
2.57e9,4.813157318190502
2.58e9,4.835236942489767
2.59e9,4.8573355543416294
2.6e9,4.8794530509833995
2.61e9,4.901589329802617
2.62e9,4.923744288337675
2.63e9,4.9459178242783866
2.64e9,4.968109835466575
2.65e9,4.990320219896664
2.66e9,5.012548875716251
2.67e9,5.034795701226662
2.68e9,5.057060594883544
2.69e9,5.07934345529738
2.7e9,5.101644181234095
2.71e9,5.123962671615571
2.72e9,5.146298825520196
2.73e9,5.168652542183397
2.74e9,5.191023720998204
2.75e9,5.213412261515742
2.76e9,5.235818063445754
2.77e9,5.258241026657148
2.78e9,5.2806810511784885
2.79e9,5.303138037198509
2.8e9,5.325611885066609
2.81e9,5.348102495293368
2.82e9,5.370609768551019
2.83e9,5.393133605673949
2.84e9,5.415673907659177
2.85e9,5.438230575666827
2.86e9,5.460803511020614
2.87e9,5.483392615208305
2.88e9,5.505997789882193
2.89e9,5.52861893685953
2.9e9,5.551255958123003
2.91e9,5.573908755821178
2.92e9,5.596577232268955
2.93e9,5.619261289947981
2.94e9,5.641960831507117
2.95e9,5.664675759762852
2.96e9,5.687405977699726
2.97e9,5.710151388470753
2.98e9,5.732911895397853
2.99e9,5.7556874019722475
3.e9,5.7784778118548825
3.01e9,5.801283028876804
3.02e9,5.82410295703959
3.03e9,5.846937500515724
3.04e9,5.869786563649004
3.05e9,5.8926500509548925
3.06e9,5.915527867120946
3.07e9,5.938419917007141
3.08e9,5.961326105646304
3.09e9,5.984246338244405
3.1e9,6.007180520181011
3.11e9,6.030128557009558
3.12e9,6.053090354457759
3.13e9,6.076065818427952
3.14e9,6.0990548549974255
3.15e9,6.122057370418774
3.16e9,6.14507327112022
3.17e9,6.168102463705991
3.18e9,6.19114485495659
3.19e9,6.2142003518291595
3.2e9,6.237268861457796
3.21e9,6.260350291153872
3.22e9,6.283444548406327
3.23e9,6.306551540881989
3.24e9,6.3296711764258875
3.25e9,6.35280336306156
3.26e9,6.375948008991322
3.27e9,6.399105022596564
3.28e9,6.422274312438073
3.29e9,6.445455787256287
3.3e9,6.468649355971577
3.31e9,6.491854927684523
3.32e9,6.515072411676217
3.33e9,6.538301717408486
3.34e9,6.561542754524196
3.35e9,6.584795432847485
3.36e9,6.608059662384026
3.37e9,6.631335353321306
3.38e9,6.654622416028826
3.39e9,6.677920761058394
3.4e9,6.701230299144362
3.41e9,6.724550941203811
3.42e9,6.747882598336858
3.43e9,6.7712251818268365
3.44e9,6.794578603140549
3.45e9,6.817942773928471
3.46e9,6.841317606024961
3.47e9,6.86470301144855
3.48e9,6.888098902402036
3.49e9,6.911505191272789
3.5e9,6.9349217906329095
3.51e9,6.958348613239434
3.52e9,6.9817855720345445
3.53e9,7.005232580145764
3.54e9,7.0286895508861145
3.55e9,7.052156397754348
3.56e9,7.075633034435083
3.57e9,7.0991193747990575
3.58e9,7.122615332903184
3.59e9,7.146120822990863
3.6e9,7.169635759492036
3.61e9,7.193160057023419
3.62e9,7.216693630388629
3.63e9,7.240236394578368
3.64e9,7.263788264770564
3.65e9,7.287349156330501
3.66e9,7.310918984811034
3.67e9,7.334497665952646
3.68e9,7.358085115683659
3.69e9,7.381681250120331
3.7e9,7.405285985567014
3.71e9,7.428899238516272
3.72e9,7.452520925649019
3.73e9,7.476150963834632
3.74e9,7.499789270131087
3.75e9,7.523435761785055
3.76e9,7.547090356232033
3.77e9,7.5707529710964705
3.78e9,7.594423524191835
3.79e9,7.6181019335207525
3.8e9,7.641788117275113
3.81e9,7.665481993836135
3.82e9,7.689183481774487
3.83e9,7.712892499850376
3.84e9,7.7366089670136455
3.85e9,7.760332802403833
3.86e9,7.784063925350283
3.87e9,7.8078022553722155
3.88e9,7.831547712178791
3.89e9,7.855300215669222
3.9e9,7.8790596859327895
3.91e9,7.902826043248953
3.92e9,7.926599208087401
3.93e9,7.9503791011081235
3.94e9,7.97416564316144
3.95e9,7.997958755288076
3.96e9,8.021758358719241
3.97e9,8.045564374876637
3.98e9,8.069376725372523
3.99e9,8.093195332009758
4.e9,8.117020116781832
4.01e9,8.140851001872935
4.02e9,8.16468790965796
4.03e9,8.188530762702536
4.04e9,8.212379483763101
4.05e9,8.236233995786858
4.06e9,8.260094221911874
4.07e9,8.283960085467037
4.08e9,8.307831509972113
4.09e9,8.33170841913776
4.1e9,8.355590736865521
4.11e9,8.379478387247849
4.12e9,8.403371294568121
4.13e9,8.427269383300612
4.14e9,8.451172578110533
4.15e9,8.475080803854016
4.16e9,8.498993985578117
4.17e9,8.52291204852077
4.18e9,8.546834918110854
4.19e9,8.570762519968127
4.2e9,8.594694779903202
4.21e9,8.618631623917572
4.22e9,8.642572978203598
4.23e9,8.666518769144403
4.24e9,8.690468923313967
4.25e9,8.714423367476995
4.26e9,8.73838202858896
4.27e9,8.76234483379605
4.28e9,8.786311710435092
4.29e9,8.810282586033585
4.3e9,8.834257388309624
4.31e9,8.85823604517186
4.32e9,8.882218484719438
4.33e9,8.906204635242007
4.34e9,8.930194425219607
4.35e9,8.954187783322647
4.36e9,8.978184638411873
4.37e9,9.00218491953827
4.38e9,9.02618855594303
4.39e9,9.050195477057464
4.4e9,9.074205612502988
4.41e9,9.098218892091012
4.42e9,9.122235245822896
4.43e9,9.146254603889876
4.44e9,9.170276896672956
4.45e9,9.194302054742918
4.46e9,9.21833000886016
4.47e9,9.242360689974658
4.48e9,9.26639402922588
4.49e9,9.29042995794268
4.5e9,9.314468407643265
4.51e9,9.33850931003504
4.52e9,9.362552597014602
4.53e9,9.38659820066753
4.54e9,9.410646053268406
4.55e9,9.434696087280653
4.56e9,9.458748235356468
4.57e9,9.482802430336703
4.58e9,9.506858605250754
4.59e9,9.530916693316478
4.6e9,9.55497662794007
4.61e9,9.579038342715991
4.62e9,9.603101771426799
4.63e9,9.627166848043053
4.64e9,9.65123350672324
4.65e9,9.67530168181362
4.66e9,9.699371307848093
4.67e9,9.723442319548123
4.68e9,9.747514651822565
4.69e9,9.771588239767606
4.7e9,9.795663018666556
4.71e9,9.819738923989792
4.72e9,9.843815891394582
4.73e9,9.867893856724953
4.74e9,9.891972756011608
4.75e9,9.916052525471718
4.76e9,9.940133101508842
4.77e9,9.964214420712729
4.78e9,9.98829641985924
4.79e9,10.012379035910175
4.8e9,10.036462206013114
4.81e9,10.060545867501288
4.82e9,10.084629957893403
4.83e9,10.108714414893548
4.84e9,10.132799176390956
4.85e9,10.156884180459961
4.86e9,10.180969365359724
4.87e9,10.205054669534135
4.88e9,10.229140031611688
4.89e9,10.25322539040524
4.9e9,10.27731068491189
4.91e9,10.301395854312835
4.92e9,10.325480837973165
4.93e9,10.349565575441718
4.94e9,10.373650006450887
4.95e9,10.397734070916481
4.96e9,10.421817708937533
4.97e9,10.445900860796112
4.98e9,10.469983466957189
4.99e9,10.494065468068404
5.e9,10.518146804959947
5.01e9,10.542227418644327
5.02e9,10.566307250316203
5.03e9,10.590386241352236
5.04e9,10.614464333310812
5.05e9,10.638541467932
5.06e9,10.662617587137206
5.07e9,10.686692633029107
5.08e9,10.710766547891376
5.09e9,10.734839274188543
5.1e9,10.758910754565763
5.11e9,10.782980931848659
5.12e9,10.807049749043083
5.13e9,10.831117149334958
5.14e9,10.85518307609003
5.15e9,10.879247472853724
5.16e9,10.903310283350878
5.17e9,10.927371451485614
5.18e9,10.951430921341043
5.19e9,10.975488637179142
5.2e9,10.999544543440495
5.21e9,11.023598584744114
5.22e9,11.047650705887145
5.23e9,11.071700851844833
5.24e9,11.095748967770097
5.25e9,11.119794998993473
5.26e9,11.143838891022831
5.27e9,11.167880589543138
5.28e9,11.1919200404163
5.29e9,11.215957189680918
5.3e9,11.23999198355201
5.31e9,11.264024368420907
5.32e9,11.288054290854895
5.33e9,11.312081697597106
5.34e9,11.336106535566204
5.35e9,11.360128751856221
5.36e9,11.384148293736295
5.37e9,11.408165108650465
5.38e9,11.432179144217379
5.39e9,11.456190348230155
5.4e9,11.480198668656078
5.41e9,11.504204053636384
5.42e9,11.528206451486053
5.43e9,11.552205810693527
5.44e9,11.576202079920511
5.45e9,11.600195208001699
5.46e9,11.624185143944548
5.47e9,11.648171836929105
5.48e9,11.672155236307603
5.49e9,11.696135291604424
5.5e9,11.720111952515671
5.51e9,11.744085168909038
5.52e9,11.768054890823532
5.53e9,11.7920210684692
5.54e9,11.81598365222693
5.55e9,11.83994259264817
5.56e9,11.863897840454667
5.57e9,11.887849346538262
5.58e9,11.91179706196059
5.59e9,11.935740937952877
5.6e9,11.959680925915613
5.61e9,11.983616977418379
5.62e9,12.00754904419954
5.63e9,12.031477078166022
5.64e9,12.055401031393021
5.65e9,12.079320856123756
5.66e9,12.103236504769233
5.67e9,12.127147929907949
5.68e9,12.15105508428569
5.69e9,12.174957920815167
5.7e9,12.198856392575868
5.71e9,12.222750452813722
5.72e9,12.24664005494086
5.73e9,12.27052515253536
5.74e9,12.294405699340942
5.75e9,12.318281649266753
5.76e9,12.342152956387055
5.77e9,12.366019574940998
5.78e9,12.389881459332306
5.79e9,12.413738564129066
5.8e9,12.437590844063394
5.81e9,12.461438254031203
5.82e9,12.485280749091919
5.83e9,12.509118284468226
5.84e9,12.53295081554577
5.85e9,12.556778297872885
5.86e9,12.58060068716033
5.87e9,12.604417939281067
5.88e9,12.62823001026983
5.89e9,12.652036856323035
5.9e9,12.675838433798342
5.91e9,12.699634699214533
5.92e9,12.723425609251084
5.93e9,12.74721112074798
5.94e9,12.770991190705441
5.95e9,12.794765776283532
5.96e9,12.818534834802046
5.97e9,12.842298323740039
5.98e9,12.86605620073578
5.99e9,12.889808423586189
6.e9,12.9135549502468
6.01e9,12.93729573883132
6.02e9,12.961030747611415
6.03e9,12.98475993501642
6.04e9,13.008483259633037
6.05e9,13.032200680205039
6.06e9,13.055912155633017
6.07e9,13.07961764497407
6.08e9,13.103317107441537
6.09e9,13.127010502404636
6.1e9,13.150697789388309
6.11e9,13.174378928072803
6.12e9,13.19805387829345
6.13e9,13.221722600040378
6.14e9,13.245385053458165
6.15e9,13.26904119884564
6.16e9,13.292690996655457
6.17e9,13.316334407493974
6.18e9,13.339971392120797
6.19e9,13.36360191144861
6.2e9,13.387225926542792
6.21e9,13.41084339862119
6.22e9,13.434454289053766
6.23e9,13.458058559362373
6.24e9,13.481656171220413
6.25e9,13.505247086452501
6.26e9,13.528831267034255
6.27e9,13.552408675091995
6.28e9,13.575979272902353
6.29e9,13.599543022892055
6.3e9,13.623099887637625
6.31e9,13.646649829865032
6.32e9,13.670192812449448
6.33e9,13.693728798414968
6.34e9,13.717257750934195
6.35e9,13.74077963332806
6.36e9,13.764294409065489
6.37e9,13.78780204176307
6.38e9,13.811302495184794
6.39e9,13.83479573324173
6.4e9,13.858281719991771
6.41e9,13.881760419639228
6.42e9,13.905231796534665
6.43e9,13.928695815174459
6.44e9,13.95215244020064
6.45e9,13.975601636400478
6.46e9,13.999043368706205
6.47e9,14.02247760219479
6.48e9,14.045904302087498
6.49e9,14.069323433749727
6.5e9,14.09273496269061
6.51e9,14.116138854562731
6.52e9,14.13953507516187
6.53e9,14.162923590426654
6.54e9,14.18630436643822
6.55e9,14.209677369420014
6.56e9,14.233042565737378
6.57e9,14.256399921897332
6.58e9,14.279749404548193
6.59e9,14.303090980479347
6.6e9,14.32642461662084
6.61e9,14.34975028004324
6.62e9,14.373067937957114
6.63e9,14.396377557712912
6.64e9,14.41967910680058
6.65e9,14.442972552849225
6.66e9,14.466257863626883
6.67e9,14.489535007040141
6.68e9,14.512803951133908
6.69e9,14.536064664091027
6.7e9,14.55931711423201
6.71e9,14.582561270014752
6.72e9,14.60579710003418
6.73e9,14.629024573021987
6.74e9,14.652243657846254
6.75e9,14.675454323511282
6.76e9,14.698656539157126
6.77e9,14.721850274059378
6.78e9,14.74503549762885
6.79e9,14.768212179411252
6.8e9,14.791380289086884
6.81e9,14.814539796470351
6.82e9,14.83769067151023
6.83e9,14.860832884288781
6.84e9,14.883966405021622
6.85e9,14.907091204057439
6.86e9,14.930207251877649
6.87e9,14.953314519096146
6.88e9,14.976412976458942
6.89e9,14.999502594843882
6.9e9,15.022583345260337
6.91e9,15.045655198848898
6.92e9,15.068718126881057
6.93e9,15.091772100758895
6.94e9,15.11481709201479
6.95e9,15.137853072311115
6.96e9,15.160880013439927
6.97e9,15.183897887322638
6.98e9,15.206906666009717
6.99e9,15.229906321680417
7.e9,15.252896826642385
7.01e9,15.275878153331474
7.02e9,15.29885027431133
7.03e9,15.32181316227312
7.04e9,15.344766790035251
7.05e9,15.367711130543064
7.06e9,15.390646156868439
7.07e9,15.413571842209603
7.08e9,15.436488159890754
7.09e9,15.45939508336178
7.1e9,15.482292586197971
7.11e9,15.505180642099647
7.12e9,15.528059224891896
7.13e9,15.550928308524313
7.14e9,15.573787867070587
7.15e9,15.596637874728282
7.16e9,15.619478305818493
7.17e9,15.642309134785553
7.18e9,15.665130336196711
7.19e9,15.687941884741852
7.2e9,15.71074375523317
7.21e9,15.733535922604869
7.22e9,15.756318361912877
7.23e9,15.77909104833448
7.24e9,15.801853957168097
7.25e9,15.82460706383293
7.26e9,15.847350343868657
7.27e9,15.87008377293512
7.28e9,15.892807326812092
7.29e9,15.915520981398844
7.3e9,15.938224712713998
7.31e9,15.960918496895044
7.32e9,15.983602310198213
7.33e9,16.006276128998056
7.34e9,16.028939929787196
7.35e9,16.051593689175974
7.36e9,16.074237383892175
7.37e9,16.096870990780793
7.38e9,16.11949448680359
7.39e9,16.142107849038897
7.4e9,16.16471105468126
7.41e9,16.187304081041216
7.42e9,16.209886905544845
7.43e9,16.23245950573365
7.44e9,16.255021859264087
7.45e9,16.277573943907367
7.46e9,16.300115737549152
7.47e9,16.322647218189193
7.48e9,16.345168363941088
7.49e9,16.367679153031954
7.5e9,16.3901795638021
7.51e9,16.412669574704836
7.52e9,16.435149164306008
7.53e9,16.457618311283863
7.54e9,16.480076994428632
7.55e9,16.502525192642256
7.56e9,16.52496288493816
7.57e9,16.547390050440843
7.58e9,16.569806668385695
7.59e9,16.592212718118574
7.6e9,16.61460817909565
7.61e9,16.63699303088294
7.62e9,16.659367253156177
7.63e9,16.68173082570041
7.64e9,16.70408372840974
7.65e9,16.726425941287026
7.66e9,16.748757444443584
7.67e9,16.771078218098868
7.68e9,16.79338824258023
7.69e9,16.815687498322575
7.7e9,16.837975965868065
7.71e9,16.860253625865862
7.72e9,16.88252045907184
7.73e9,16.904776446348237
7.74e9,16.92702156866338
7.75e9,16.9492558070914
7.76e9,16.97147914281197
7.77e9,16.99369155710996
7.78e9,17.015893031375178
7.79e9,17.038083547102072
7.8e9,17.0602630858894
7.81e9,17.082431629440016
7.82e9,17.104589159560494
7.83e9,17.126735658160918
7.84e9,17.148871107254514
7.85e9,17.170995488957427
7.86e9,17.193108785488388
7.87e9,17.215210979168432
7.88e9,17.237302052420624
7.89e9,17.259381987769757
7.9e9,17.281450767842053
7.91e9,17.30350837536494
7.92e9,17.325554793166653
7.93e9,17.347590004176038
7.94e9,17.369613991422234
7.95e9,17.391626738034365
7.96e9,17.4136282272413
7.97e9,17.435618442371343
7.98e9,17.457597366851914
7.99e9,17.47956498420933
8.e9,17.501521278068488
8.01e9,17.523466232152533
8.02e9,17.545399830282662
8.03e9,17.56732205637779
8.04e9,17.58923289445426
8.05e9,17.61113232862558
8.06e9,17.633020343102146
8.07e9,17.65489692219095
8.08e9,17.67676205029526
8.09e9,17.6986157119144
8.1e9,17.720457891643452
8.11e9,17.742288574172942
8.12e9,17.76410774428862
8.13e9,17.785915386871107
8.14e9,17.807711486895652
8.15e9,17.82949602943187
8.16e9,17.851268999643466
8.17e9,17.87303038278788
8.18e9,17.89478016421611
8.19e9,17.916518329372398
8.2e9,17.938244863793887
8.21e9,17.95995975311045
8.22e9,17.981662983044362
8.23e9,18.003354539410022
8.24e9,18.02503440811367
8.25e9,18.04670257515311
8.26e9,18.068359026617493
8.27e9,18.09000374868699
8.28e9,18.111636727632494
8.29e9,18.133257949815384
8.3e9,18.1548674016873
8.31e9,18.176465069789757
8.32e9,18.198050940753944
8.33e9,18.21962500130047
8.34e9,18.241187238239036
8.35e9,18.26273763846818
8.36e9,18.284276188975088
8.37e9,18.305802876835152
8.38e9,18.327317689211874
8.39e9,18.348820613356516
8.4e9,18.370311636607802
8.41e9,18.391790746391724
8.42e9,18.413257930221228
8.43e9,18.434713175695926
8.44e9,18.456156470501902
8.45e9,18.477587802411367
8.46e9,18.49900715928244
8.47e9,18.52041452905889
8.48e9,18.541809899769827
8.49e9,18.56319325952943
8.5e9,18.58456459653678
8.51e9,18.605923899075464
8.52e9,18.627271155513412
8.53e9,18.64860635430258
8.54e9,18.66992948397869
8.55e9,18.69124053316106
8.56e9,18.71253949055214
8.57e9,18.733826344937473
8.58e9,18.755101085185277
8.59e9,18.776363700246304
8.6e9,18.79761417915346
8.61e9,18.81885251102159
8.62e9,18.84007868504734
8.63e9,18.861292690508638
8.64e9,18.88249451676473
8.65e9,18.903684153255693
8.66e9,18.92486158950229
8.67e9,18.946026815105686
8.68e9,18.96717981974722
8.69e9,18.988320593188067
8.7e9,19.00944912526913
8.71e9,19.03056540591056
8.72e9,19.0516694251118
8.73e9,19.072761172951
8.74e9,19.09384063958503
8.75e9,19.114907815249143
8.76e9,19.13596269025661
8.77e9,19.15700525499866
8.78e9,19.178035499944066
8.79e9,19.199053415638964
8.8e9,19.220058992706697
8.81e9,19.241052221847298
8.82e9,19.262033093837534
8.83e9,19.28300159953047
8.84e9,19.303957729855295
8.85e9,19.324901475817093
8.86e9,19.345832828496505
8.87e9,19.36675177904956
8.88e9,19.38765831870742
8.89e9,19.40855243877607
8.9e9,19.429434130636174
8.91e9,19.450303385742778
8.92e9,19.471160195624986
8.93e9,19.492004551885906
8.94e9,19.512836446202147
8.95e9,19.533655870323877
8.96e9,19.554462816074306
8.97e9,19.575257275349593
8.98e9,19.596039240118596
8.99e9,19.616808702422595
9.e9,19.63756565437505
9.01e9,19.658310088161322
9.02e9,19.679041996038585
9.03e9,19.699761370335427
9.04e9,19.72046820345165
9.05e9,19.74116248785805
9.06e9,19.761844216096218
9.07e9,19.782513380778198
9.08e9,19.80316997458637
9.09e9,19.82381399027315
9.1e9,19.844445420660687
9.11e9,19.86506425864079
9.12e9,19.88567049717452
9.13e9,19.90626412929211
9.14e9,19.92684514809264
9.15e9,19.94741354674373
9.16e9,19.967969318481504
9.17e9,19.988512456610227
9.18e9,20.009042954502064
9.19e9,20.02956080559687
9.2e9,20.050066003402012
9.21e9,20.070558541492066
9.22e9,20.091038413508592
9.23e9,20.111505613159984
9.24e9,20.13196013422111
9.25e9,20.15240197053322
9.26e9,20.172831116003614
9.27e9,20.193247564605414
9.28e9,20.213651310377465
9.29e9,20.23404234742397
9.3e9,20.254420669914275
9.31e9,20.274786272082753
9.32e9,20.29513914822841
9.33e9,20.31547929271485
9.34e9,20.335806699969876
9.35e9,20.35612136448541
9.36e9,20.376423280817125
9.37e9,20.396712443584377
9.38e9,20.416988847469856
9.39e9,20.437252487219414
9.4e9,20.457503357641862
9.41e9,20.477741453608736
9.42e9,20.497966770054017
9.43e9,20.518179301974023
9.44e9,20.538379044427092
9.45e9,20.558565992533424
9.46e9,20.57874014147479
9.47e9,20.59890148649444
9.48e9,20.61905002289673
9.49e9,20.63918574604702
9.5e9,20.659308651371436
9.51e9,20.679418734356563
9.52e9,20.69951599054941
9.53e9,20.719600415556965
9.54e9,20.739672005046252
9.55e9,20.759730754743792
9.56e9,20.779776660435683
9.57e9,20.799809717967264
9.58e9,20.819829923242846
9.59e9,20.83983727222564
9.6e9,20.859831760937354
9.61e9,20.879813385458235
9.62e9,20.899782141926565
9.63e9,20.91973802653873
9.64e9,20.939681035548794
9.65e9,20.959611165268424
9.66e9,20.979528412066617
9.67e9,20.99943277236951
9.68e9,21.019324242660172
9.69e9,21.039202819478394
9.7e9,21.059068499420512
9.71e9,21.078921279139085
9.72e9,21.098761155342903
9.73e9,21.118588124796545
9.74e9,21.138402184320366
9.75e9,21.15820333079013
9.76e9,21.177991561136906
9.77e9,21.19776687234697
9.78e9,21.217529261461284
9.79e9,21.237278725575585
9.8e9,21.25701526184012
9.81e9,21.276738867459304
9.82e9,21.296449539691736
9.83e9,21.31614727584981
9.84e9,21.335832073299628
9.85e9,21.355503929460745
9.86e9,21.37516284180597
9.87e9,21.394808807861228
9.88e9,21.41444182520534
9.89e9,21.434061891469703
9.9e9,21.453669004338305
9.91e9,21.47326316154734
9.92e9,21.49284436088513
9.93e9,21.5124126001919
9.94e9,21.531967877359573
9.95e9,21.551510190331495
9.96e9,21.571039537102436
9.97e9,21.590555915718184
9.98e9,21.610059324275515
9.99e9,21.629549760921925
1.e10,21.649027223855413
1.001e10,21.668491711324336
1.002e10,21.687943221627194
1.003e10,21.707381753112507
1.004e10,21.726807304178475
1.005e10,21.74621987327297
1.006e10,21.7656194588932
1.007e10,21.785006059585573
1.008e10,21.804379673945594
1.009e10,21.823740300617477
1.01e10,21.843087938294136
1.011e10,21.862422585716956
1.012e10,21.881744241675563
1.013e10,21.901052905007653
1.014e10,21.920348574598865
1.015e10,21.939631249382487
1.016e10,21.95890092833936
1.017e10,21.97815761049768
1.018e10,21.997401294932803
1.019e10,22.016631980767
1.02e10,22.0358496671694
1.021e10,22.05505435335573
1.022e10,22.07424603858813
1.023e10,22.093424722174955
1.024e10,22.112590403470705
1.025e10,22.131743081875722
1.026e10,22.150882756836026
1.027e10,22.170009427843176
1.028e10,22.189123094434102
1.029e10,22.208223756190936
1.03e10,22.227311412740708
1.031e10,22.24638606375535
1.032e10,22.265447708951335
1.033e10,22.284496348089707
1.034e10,22.303531980975688
1.035e10,22.322554607458706
1.036e10,22.341564227432023
1.037e10,22.360560840832758
1.038e10,22.37954444764152
1.039e10,22.39851504788243
1.04e10,22.417472641622734
1.041e10,22.436417228972836
1.042e10,22.455348810085965
1.043e10,22.474267385158104
1.044e10,22.493172954427802
1.045e10,22.512065518175913
1.046e10,22.530945076725626
1.047e10,22.549811630442004
1.048e10,22.568665179732086
1.049e10,22.587505725044608
1.05e10,22.6063332668698
1.051e10,22.625147805739232
1.052e10,22.643949342225735
1.053e10,22.66273787694314
1.054e10,22.681513410546096
1.055e10,22.70027594372997
1.056e10,22.719025477230705
1.057e10,22.737762011824532
1.058e10,22.756485548327923
1.059e10,22.77519608759735
1.06e10,22.793893630529183
1.061e10,22.812578178059507
1.062e10,22.83124973116389
1.063e10,22.84990829085732
1.064e10,22.868553858194026
1.065e10,22.887186434267228
1.066e10,22.90580602020906
1.067e10,22.924412617190434
1.068e10,22.94300622642077
1.069e10,22.961586849147952
1.07e10,22.980154486658066
1.071e10,22.998709140275338
1.072e10,23.017250811361873
1.073e10,23.035779501317606
1.074e10,23.054295211580076
1.075e10,23.072797943624227
1.076e10,23.09128769896242
1.077e10,23.109764479144022
1.078e10,23.128228285755533
1.079e10,23.146679120420163
1.08e10,23.165116984797876
1.081e10,23.183541880585143
1.082e10,23.20195380951482
1.083e10,23.22035277335596
1.084e10,23.238738773913667
1.085e10,23.257111813029002
1.086e10,23.27547189257874
1.087e10,23.29381901447526
1.088e10,23.312153180666453
1.089e10,23.330474393135464
1.09e10,23.348782653900567
1.091e10,23.367077965015092
1.092e10,23.38536032856724
1.093e10,23.403629746679815
1.094e10,23.42188622151027
1.095e10,23.440129755250403
1.096e10,23.458360350126306
1.097e10,23.47657800839819
1.098e10,23.494782732360154
1.099e10,23.512974524340205
1.1e10,23.531153386699955
1.101e10,23.549319321834577
1.102e10,23.56747233217256
1.103e10,23.585612420175725
1.104e10,23.603739588338865
1.105e10,23.621853839189786
1.106e10,23.63995517528909
1.107e10,23.658043599230005
1.108e10,23.67611911363832
1.109e10,23.6941817211721
1.11e10,23.71223142452172
1.111e10,23.730268226409617
1.112e10,23.748292129590162
1.113e10,23.766303136849533
1.114e10,23.78430125100557
1.115e10,23.802286474907614
1.116e10,23.82025881143645
1.117e10,23.83821826350406
1.118e10,23.856164834053498
1.119e10,23.8740985260588
1.12e10,23.89201934252491
1.121e10,23.909927286487342
1.122e10,23.927822361012243
1.123e10,23.94570456919611
1.124e10,23.963573914165796
1.125e10,23.98143039907827
1.126e10,23.999274027120432
1.127e10,24.01710480150914
1.128e10,24.034922725490986
1.129e10,24.052727802342126
1.13e10,24.070520035368162
1.131e10,24.08829942790412
1.132e10,24.10606598331413
1.133e10,24.12381970499145
1.134e10,24.141560596358275
1.135e10,24.159288660865563
1.136e10,24.177003901992986
1.137e10,24.1947063232487
1.138e10,24.212395928169343
1.139e10,24.230072720319786
1.14e10,24.247736703293064
1.141e10,24.265387880710225
1.142e10,24.28302625622023
1.143e10,24.30065183349974
1.144e10,24.31826461625313
1.145e10,24.335864608212248
1.146e10,24.353451813136303
1.147e10,24.37102623481176
1.148e10,24.388587877052196
1.149e10,24.406136743698237
1.15e10,24.42367283861736
1.151e10,24.44119616570371
1.152e10,24.45870672887817
1.153e10,24.476204532088044
1.154e10,24.493689579307016
1.155e10,24.51116187453503
1.156e10,24.528621421798146
1.157e10,24.546068225148442
1.158e10,24.56350228866382
1.159e10,24.58092361644801
1.16e10,24.59833221263028
1.161e10,24.6157280813655
1.162e10,24.63311122683389
1.163e10,24.65048165324088
1.164e10,24.66783936481715
1.165e10,24.68518436581835
1.166e10,24.70251666052502
1.167e10,24.719836253242505
1.168e10,24.737143148300838
1.169e10,24.754437350054552
1.17e10,24.771718862882633
1.171e10,24.788987691188428
1.172e10,24.80624383939937
1.173e10,24.823487311967074
1.174e10,24.840718113367046
1.175e10,24.85793624809863
1.176e10,24.875141720684976
1.177e10,24.892334535672735
1.178e10,24.90951469763215
1.179e10,24.9266822111568
1.18e10,24.943837080863492
1.181e10,24.96097931139221
1.182e10,24.978108907406057
1.183e10,24.995225873590904
1.184e10,25.01233021465557
1.185e10,25.029421935331516
1.186e10,25.04650104037274
1.187e10,25.063567534555794
1.188e10,25.080621422679535
1.189e10,25.097662709565046
1.19e10,25.1146914000556
1.191e10,25.131707499016528
1.192e10,25.148711011334996
1.193e10,25.16570194192001
1.194e10,25.182680295702184
1.195e10,25.199646077633943
1.196e10,25.216599292688922
1.197e10,25.23353994586239
1.198e10,25.250468042170564
1.199e10,25.267383586651114
1.2e10,25.284286584362548
1.201e10,25.301177040384427
1.202e10,25.31805495981709
1.203e10,25.33492034778159
1.204e10,25.351773209419637
1.205e10,25.36861354989346
1.206e10,25.38544137438561
1.207e10,25.402256688099005
1.208e10,25.41905949625676
1.209e10,25.43584980410208
1.21e10,25.452627616898138
1.211e10,25.46939293992795
1.212e10,25.486145778494425
1.213e10,25.502886137920054
1.214e10,25.519614023546907
1.215e10,25.536329440736562
1.216e10,25.55303239486998
1.217e10,25.569722891347297
1.218e10,25.586400935587896
1.219e10,25.603066533030187
1.22e10,25.619719689131607
1.221e10,25.636360409368375
1.222e10,25.652988699235497
1.223e10,25.66960456424666
1.224e10,25.686208009934113
1.225e10,25.702799041848536
1.226e10,25.71937766555901
1.227e10,25.735943886652827
1.228e10,25.752497710735568
1.229e10,25.769039143430803
1.23e10,25.78556819038
1.231e10,25.80208485724263
1.232e10,25.818589149695875
1.233e10,25.835081073434665
1.234e10,25.851560634171406
1.235e10,25.868027837636113
1.236e10,25.884482689576107
1.237e10,25.90092519575607
1.238e10,25.917355361957803
1.239e10,25.933773193980343
1.24e10,25.95017869763965
1.241e10,25.96657187876859
1.242e10,25.982952743216945
1.243e10,25.999321296851168
1.244e10,26.01567754555435
1.245e10,26.03202149522618
1.246e10,26.048353151782727
1.247e10,26.064672521156517
1.248e10,26.080979609296264
1.249e10,26.097274422166887
1.25e10,26.113556965749456
1.251e10,26.12982724604091
1.252e10,26.146085269054268
1.253e10,26.16233104081824
1.254e10,26.178564567377244
1.255e10,26.194785854791437
1.256e10,26.2109949091365
1.257e10,26.227191736503517
1.258e10,26.24337634299896
1.259e10,26.259548734744644
1.26e10,26.27570891787752
1.261e10,26.291856898549668
1.262e10,26.30799268292818
1.263e10,26.324116277195056
1.264e10,26.340227687547195
1.265e10,26.35632692019621
1.266e10,26.372413981368414
1.267e10,26.38848887730472
1.268e10,26.404551614260455
1.269e10,26.42060219850545
1.27e10,26.436640636323872
1.271e10,26.452666934014037
1.272e10,26.468681097888535
1.273e10,26.48468313427394
1.274e10,26.5006730495109
1.275e10,26.516650849953898
1.276e10,26.532616541971308
1.277e10,26.548570131945212
1.278e10,26.564511626271273
1.279e10,26.580441031358923
1.28e10,26.596358353630897
1.281e10,26.612263599523462
1.282e10,26.628156775486143
1.283e10,26.644037887981803
1.284e10,26.659906943486373
1.285e10,26.675763948488914
1.286e10,26.691608909491507
1.287e10,26.70744183300916
1.288e10,26.723262725569725
1.289e10,26.73907159371374
1.29e10,26.754868443994628
1.291e10,26.770653282978216
1.292e10,26.786426117242968
1.293e10,26.80218695337978
1.294e10,26.817935797991897
1.295e10,26.83367265769489
1.296e10,26.849397539116545
1.297e10,26.86511044889677
1.298e10,26.880811393687516
1.299e10,26.896500380152798
1.3e10,26.91217741496846
1.301e10,26.927842504822223
1.302e10,26.94349565641357
1.303e10,26.959136876453623
1.304e10,26.97476617166513
1.305e10,26.990383548782376
1.306e10,27.005989014551123
1.307e10,27.02158257572845
1.308e10,27.03716423908282
1.309e10,27.052734011393845
1.31e10,27.06829189945236
1.311e10,27.083837910060303
1.312e10,27.099372050030514
1.313e10,27.11489432618689
1.314e10,27.13040474536409
1.315e10,27.14590331440768
1.316e10,27.16139004017385
1.317e10,27.176864929529458
1.318e10,27.192327989351977
1.319e10,27.20777922652934
1.32e10,27.22321864795994
1.321e10,27.238646260552517
1.322e10,27.254062071226127
1.323e10,27.269466086909986
1.324e10,27.284858314543506
1.325e10,27.300238761076194
1.326e10,27.315607433467544
1.327e10,27.330964338687014
1.328e10,27.346309483713874
1.329e10,27.36164287553726
1.33e10,27.376964521155973
1.331e10,27.392274427578613
1.332e10,27.407572601823194
1.333e10,27.422859050917396
1.334e10,27.438133781898333
1.335e10,27.453396801812456
1.336e10,27.468648117715606
1.337e10,27.483887736672816
1.338e10,27.49911566575842
1.339e10,27.51433191205581
1.34e10,27.529536482657363
1.341e10,27.544729384664585
1.342e10,27.559910625187836
1.343e10,27.575080211346343
1.344e10,27.590238150268142
1.345e10,27.605384449090025
1.346e10,27.62051911495741
1.347e10,27.635642155024296
1.348e10,27.650753576453262
1.349e10,27.665853386415385
1.35e10,27.680941592090115
1.351e10,27.696018200665232
1.352e10,27.711083219336796
1.353e10,27.726136655309165
1.354e10,27.74117851579476
1.355e10,27.756208808014126
1.356e10,27.771227539195863
1.357e10,27.78623471657656
1.358e10,27.80123034740056
1.359e10,27.816214438920277
1.36e10,27.831186998395747
1.361e10,27.84614803309482
1.362e10,27.861097550292904
1.363e10,27.876035557273134
1.364e10,27.890962061326046
1.365e10,27.90587706974981
1.366e10,27.920780589849873
1.367e10,27.935672628939134
1.368e10,27.950553194337736
1.369e10,27.965422293373102
1.37e10,27.980279933379812
1.371e10,27.995126121699577
1.372e10,28.009960865681144
1.373e10,28.0247841726803
1.374e10,28.039596050059803
1.375e10,28.05439650518916
1.376e10,28.069185545444892
1.377e10,28.08396317821019
1.378e10,28.098729410874967
1.379e10,28.1134842508358
1.38e10,28.12822770549585
1.381e10,28.142959782264874
1.382e10,28.157680488559013
1.383e10,28.172389831800963
1.384e10,28.187087819419716
1.385e10,28.20177445885061
1.386e10,28.216449757535198
1.387e10,28.231113722921286
1.388e10,28.245766362462845
1.389e10,28.260407683619853
1.39e10,28.275037693858444
1.391e10,28.28965640065068
1.392e10,28.304263811474538
1.393e10,28.31885993381393
1.394e10,28.333444775158505
1.395e10,28.34801834300374
1.396e10,28.362580644850837
1.397e10,28.377131688206617
1.398e10,28.391671480583557
1.399e10,28.40620002949963
1.4e10,28.42071734247839
1.401e10,28.43522342704873
1.402e10,28.44971829074507
1.403e10,28.4642019411071
1.404e10,28.478674385679764
1.405e10,28.493135632013363
1.406e10,28.507585687663287
1.407e10,28.52202456019011
1.408e10,28.536452257159496
1.409e10,28.550868786142125
1.41e10,28.565274154713624
1.411e10,28.579668370454694
1.412e10,28.59405144095073
1.413e10,28.60842337379211
1.414e10,28.62278417657395
1.415e10,28.637133856896032
1.416e10,28.65147242236294
1.417e10,28.665799880583805
1.418e10,28.680116239172396
1.419e10,28.694421505746966
1.42e10,28.708715687930304
1.421e10,28.722998793349618
1.422e10,28.73727082963649
1.423e10,28.75153180442688
1.424e10,28.765781725360984
1.425e10,28.78002060008335
1.426e10,28.794248436242597
1.427e10,28.808465241491582
1.428e10,28.82267102348722
1.429e10,28.836865789890513
1.43e10,28.851049548366454
1.431e10,28.865222306584002
1.432e10,28.87938407221602
1.433e10,28.893534852939265
1.434e10,28.9076746564343
1.435e10,28.92180349038546
1.436e10,28.935921362480823
1.437e10,28.950028280412162
1.438e10,28.964124251874857
1.439e10,28.978209284567917
1.44e10,28.992283386193872
1.441e10,29.006346564458802
1.442e10,29.02039882707217
1.443e10,29.034440181746927
1.444e10,29.04847063619935
1.445e10,29.06249019814905
1.446e10,29.076498875318972
1.447e10,29.090496675435197
1.448e10,29.104483606227113
1.449e10,29.11845967542718
1.45e10,29.132424890770974
1.451e10,29.14637925999717
1.452e10,29.16032279084746
1.453e10,29.174255491066486
1.454e10,29.188177368401842
1.455e10,29.202088430604014
1.456e10,29.215988685426346
1.457e10,29.22987814062498
1.458e10,29.24375680395884
1.459e10,29.257624683189555
1.46e10,29.271481786081452
1.461e10,29.28532812040151
1.462e10,29.299163693919287
1.463e10,29.31298851440692
1.464e10,29.326802589639
1.465e10,29.34060592739272
1.466e10,29.354398535447615
1.467e10,29.368180421585624
1.468e10,29.38195159359111
1.469e10,29.395712059250656
1.47e10,29.409461826353187
1.471e10,29.423200902689874
1.472e10,29.436929296053993
1.473e10,29.450647014241127
1.474e10,29.46435406504885
1.475e10,29.478050456276854
1.476e10,29.49173619572691
1.477e10,29.505411291202726
1.478e10,29.51907575050999
1.479e10,29.532729581456387
1.48e10,29.54637279185142
1.481e10,29.56000538950638
1.482e10,29.573627382234527
1.483e10,29.58723877785075
1.484e10,29.600839584171755
1.485e10,29.614429809015896
1.486e10,29.628009460203252
1.487e10,29.641578545555415
1.488e10,29.655137072895666
1.489e10,29.66868505004884
1.49e10,29.68222248484111
1.491e10,29.69574938510038
1.492e10,29.70926575865581
1.493e10,29.72277161333805
1.494e10,29.736266956979012
1.495e10,29.749751797412113
1.496e10,29.763226142471876
1.497e10,29.77668999999422
1.498e10,29.790143377816218
1.499e10,29.803586283776173
1.5e10,29.817018725713435
1.501e10,29.83044071146864
1.502e10,29.843852248883397
1.503e10,29.85725334580038
1.504e10,29.870644010063263
1.505e10,29.88402424951671
1.506e10,29.8973940720064
1.507e10,29.910753485378773
1.508e10,29.92410249748129
1.509e10,29.937441116162194
1.51e10,29.95076934927049
1.511e10,29.964087204656035
1.512e10,29.97739469016938
1.513e10,29.990691813661833
1.514e10,30.00397858298531
1.515e10,30.01725500599244
1.516e10,30.030521090536393
1.517e10,30.043776844470955
1.518e10,30.05702227565044
1.519e10,30.07025739192971
1.52e10,30.083482201164042
1.521e10,30.096696711209166
1.522e10,30.10990092992132
1.523e10,30.123094865157032
1.524e10,30.136278524773214
1.525e10,30.149451916627086
1.526e10,30.16261504857615
1.527e10,30.175767928478198
1.528e10,30.18891056419119
1.529e10,30.202042963573327
1.53e10,30.21516513448297
1.531e10,30.228277084778618
1.532e10,30.24137882231879
1.533e10,30.25447035496222
1.534e10,30.267551690567586
1.535e10,30.280622836993587
1.536e10,30.2936838020989
1.537e10,30.306734593742167
1.538e10,30.31977521978198
1.539e10,30.332805688076736
1.54e10,30.34582600648479
1.541e10,30.35883618286425
1.542e10,30.371836225073103
1.543e10,30.38482614096904
1.544e10,30.397805938409498
1.545e10,30.410775625251716
1.546e10,30.42373520935251
1.547e10,30.43668469856844
1.548e10,30.44962410075561
1.549e10,30.46255342376978
1.55e10,30.475472675466346
1.551e10,30.48838186370007
1.552e10,30.501280996325384
1.553e10,30.514170081196188
1.554e10,30.52704912616575
1.555e10,30.539918139086865
1.556e10,30.552777127811723
1.557e10,30.56562610019188
1.558e10,30.57846506407815
1.559e10,30.59129402732087
1.56e10,30.60411299776944
1.561e10,30.616921983272753
1.562e10,30.629720991678745
1.563e10,30.642510030834742
1.564e10,30.65528910858711
1.565e10,30.66805823278147
1.566e10,30.680817411262566
1.567e10,30.69356665187421
1.568e10,30.70630596245934
1.569e10,30.71903535085996
1.57e10,30.73175482491708
1.571e10,30.7444643924707
1.572e10,30.75716406135983
1.573e10,30.76985383942246
1.574e10,30.78253373449539
1.575e10,30.795203754414516
1.576e10,30.80786390701446
1.577e10,30.82051420012875
1.578e10,30.83315464158976
1.579e10,30.84578523922862
1.58e10,30.858406000875295
1.581e10,30.871016934358476
1.582e10,30.883618047505596
1.583e10,30.89620934814279
1.584e10,30.908790844094863
1.585e10,30.921362543185275
1.586e10,30.933924453236195
1.587e10,30.946476582068257
1.588e10,30.959018937500854
1.589e10,30.971551527351778
1.59e10,30.984074359437518
1.591e10,30.99658744157294
1.592e10,31.00909078157147
1.593e10,31.02158438724499
1.594e10,31.034068266403875
1.595e10,31.046542426856835
1.596e10,31.05900687641103
1.597e10,31.071461622872057
1.598e10,31.08390667404373
1.599e10,31.096342037728316
1.6e10,31.108767721726323
1.601e10,31.121183733836588
1.602e10,31.13359008185617
1.603e10,31.145986773580432
1.604e10,31.158373816802904
1.605e10,31.170751219315317
1.606e10,31.18311898890764
1.607e10,31.195477133367923
1.608e10,31.207825660482417
1.609e10,31.220164578035437
1.61e10,31.23249389380933
1.611e10,31.24481361558469
1.612e10,31.257123751139993
1.613e10,31.269424308251825
1.614e10,31.281715294694763
1.615e10,31.29399671824135
1.616e10,31.306268586662114
1.617e10,31.318530907725556
1.618e10,31.33078368919799
1.619e10,31.34302693884377
1.62e10,31.355260664425064
1.621e10,31.367484873701894
1.622e10,31.379699574432127
1.623e10,31.391904774371493
1.624e10,31.404100481273492
1.625e10,31.416286702889405
1.626e10,31.428463446968287
1.627e10,31.440630721256934
1.628e10,31.452788533499817
1.629e10,31.464936891439223
1.63e10,31.477075802815
1.631e10,31.489205275364718
1.632e10,31.501325316823667
1.633e10,31.513435934924598
1.634e10,31.52553713739799
1.635e10,31.53762893197184
1.636e10,31.549711326371792
1.637e10,31.561784328321007
1.638e10,31.57384794554017
1.639e10,31.585902185747454
1.64e10,31.597947056658604
1.641e10,31.609982565986737
1.642e10,31.62200872144254
1.643e10,31.634025530734025
1.644e10,31.64603300156675
1.645e10,31.658031141643587
1.646e10,31.670019958664806
1.647e10,31.681999460328086
1.648e10,31.69396965432843
1.649e10,31.705930548358147
1.65e10,31.71788215010694
1.651e10,31.729824467261725
1.652e10,31.741757507506776
1.653e10,31.75368127852352
1.654e10,31.765595787990765
1.655e10,31.777501043584447
1.656e10,31.789397052977765
1.657e10,31.801283823841104
1.658e10,31.813161363842017
1.659e10,31.825029680645226
1.66e10,31.836888781912588
1.661e10,31.84873867530312
1.662e10,31.860579368472905
1.663e10,31.872410869075157
1.664e10,31.88423318476016
1.665e10,31.896046323175227
1.666e10,31.907850291964788
1.667e10,31.919645098770264
1.668e10,31.931430751230064
1.669e10,31.943207256979647
1.67e10,31.954974623651424
1.671e10,31.966732858874774
1.672e10,31.97848197027605
1.673e10,31.990221965478508
1.674e10,32.00195285210238
1.675e10,32.01367463776472
1.676e10,32.025387330079546
1.677e10,32.03709093665771
1.678e10,32.04878546510695
1.679e10,32.06047092303182
1.68e10,32.07214731803375
1.681e10,32.08381465771091
1.682e10,32.095472949658365
1.683e10,32.10712220146783
1.684e10,32.118762420727975
1.685e10,32.13039361502407
1.686e10,32.14201579193817
1.687e10,32.15362895904911
1.688e10,32.165233123932374
1.689e10,32.176828294160146
1.69e10,32.18841447730132
1.691e10,32.1999916809215
1.692e10,32.211559912582835
1.693e10,32.22311917984425
1.694e10,32.234669490261155
1.695e10,32.24621085138568
1.696e10,32.25774327076657
1.697e10,32.269266755949005
1.698e10,32.28078131447492
1.699e10,32.29228695388273
1.7e10,32.30378368170737
1.701e10,32.31527150548038
1.702e10,32.32675043272973
1.703e10,32.338220470979955
1.704e10,32.34968162775207
1.705e10,32.361133910563595
1.706e10,32.372577326928464
1.707e10,32.3840118843571
1.708e10,32.39543759035642
1.709e10,32.40685445242961
1.71e10,32.41826247807644
1.711e10,32.42966167479299
1.712e10,32.4410520500718
1.713e10,32.4524336114017
1.714e10,32.46380636626793
1.715e10,32.475170322152124
1.716e10,32.48652548653222
1.717e10,32.497871866882434
1.718e10,32.50920947067341
1.719e10,32.520538305371986
1.72e10,32.531858378441356
1.721e10,32.54316969734101
1.722e10,32.55447226952663
1.723e10,32.56576610245024
1.724e10,32.57705120356008
1.725e10,32.58832758030059
1.726e10,32.59959524011247
1.727e10,32.61085419043263
1.728e10,32.62210443869418
1.729e10,32.63334599232636
1.73e10,32.644578858754706
1.731e10,32.655803045400766
1.732e10,32.667018559682404
1.733e10,32.6782254090135
1.734e10,32.68942360080414
1.735e10,32.700613142460504
1.736e10,32.71179404138485
1.737e10,32.722966304975614
1.738e10,32.734129940627255
1.739e10,32.74528495573037
1.74e10,32.75643135767149
1.741e10,32.767569153833364
1.742e10,32.778698351594734
1.743e10,32.789818958330336
1.744e10,32.80093098141098
1.745e10,32.812034428203454
1.746e10,32.82312930607056
1.747e10,32.83421562237112
1.748e10,32.845293384459914
1.749e10,32.856362599687714
1.75e10,32.86742327540125
1.751e10,32.87847541894318
1.752e10,32.88951903765215
1.753e10,32.90055413886271
1.754e10,32.911580729905374
1.755e10,32.92259881810649
1.756e10,32.933608410788395
1.757e10,32.94460951526934
1.758e10,32.95560213886329
1.759e10,32.96658628888032
1.76e10,32.97756197262623
1.761e10,32.98852919740273
1.762e10,32.99948797050733
1.763e10,33.01043829923342
1.764e10,33.02138019087021
1.765e10,33.03231365270272
1.766e10,33.04323869201183
1.767e10,33.05415531607417
1.768e10,33.06506353216217
1.769e10,33.07596334754407
1.77e10,33.08685476948386
1.771e10,33.09773780524133
1.772e10,33.10861246207203
1.773e10,33.1194787472272
1.774e10,33.13033666795385
1.775e10,33.141186231494835
1.776e10,33.152027445088535
1.777e10,33.16286031596924
1.778e10,33.17368485136674
1.779e10,33.18450105850674
1.78e10,33.195308944610495
1.781e10,33.20610851689499
1.782e10,33.21689978257296
1.783e10,33.22768274885263
1.784e10,33.23845742293803
1.785e10,33.249223812028795
1.786e10,33.259981923320204
1.787e10,33.27073176400315
1.788e10,33.2814733412642
1.789e10,33.29220666228549
1.79e10,33.302931734244865
1.791e10,33.31364856431561
1.792e10,33.32435715966675
1.793e10,33.335057527462844
1.794e10,33.34574967486406
1.795e10,33.356433609026084
1.796e10,33.3671093371002
1.797e10,33.3777768662333
1.798e10,33.38843620356778
1.799e10,33.399087356241544
1.8e10,33.409730331388126
1.801e10,33.42036513613651
1.802e10,33.43099177761121
1.803e10,33.44161026293235
1.804e10,33.45222059921546
1.805e10,33.462822793571576
1.806e10,33.47341685310729
1.807e10,33.48400278492467
1.808e10,33.4945805961212
1.809e10,33.50515029379
1.81e10,33.51571188501943
1.811e10,33.526265376893484
1.812e10,33.536810776491556
1.813e10,33.54734809088849
1.814e10,33.557877327154586
1.815e10,33.56839849235555
1.816e10,33.578911593552526
1.817e10,33.589416637802096
1.818e10,33.59991363215632
1.819e10,33.61040258366258
1.82e10,33.6208834993636
1.821e10,33.63135638629769
1.822e10,33.64182125149838
1.823e10,33.65227810199476
1.824e10,33.66272694481109
1.825e10,33.67316778696718
1.826e10,33.68360063547812
1.827e10,33.69402549735438
1.828e10,33.70444237960177
1.829e10,33.71485128922155
1.83e10,33.725252233210156
1.831e10,33.73564521855954
1.832e10,33.74603025225684
1.833e10,33.7564073412846
1.834e10,33.76677649262069
1.835e10,33.77713771323826
1.836e10,33.787491010105796
1.837e10,33.797836390187115
1.838e10,33.808173860441215
1.839e10,33.818503427822606
1.84e10,33.82882509928087
1.841e10,33.839138881761045
1.842e10,33.84944478220332
1.843e10,33.85974280754317
1.844e10,33.87003296471149
1.845e10,33.88031526063421
1.846e10,33.89058970223272
1.847e10,33.90085629642356
1.848e10,33.91111505011856
1.849e10,33.92136597022471
1.85e10,33.9316090636444
1.851e10,33.941844337275086
1.852e10,33.95207179800958
1.853e10,33.96229145273585
1.854e10,33.97250330833709
1.855e10,33.98270737169176
1.856e10,33.9929036496735
1.857e10,34.0030921491511
1.858e10,34.01327287698865
1.859e10,34.02344584004536
1.86e10,34.03361104517577
1.861e10,34.04376849922932
1.862e10,34.053918209051034
1.863e10,34.064060181480706
1.864e10,34.07419442335369
1.865e10,34.08432094150015
1.866e10,34.094439742745735
1.867e10,34.10455083391104
1.868e10,34.11465422181195
1.869e10,34.12474991325936
1.87e10,34.13483791505948
1.871e10,34.14491823401364
1.872e10,34.154990876918106
1.873e10,34.165055850564606
1.874e10,34.17511316173974
1.875e10,34.18516281722541
1.876e10,34.19520482379856
1.877e10,34.20523918823124
1.878e10,34.2152659172907
1.879e10,34.22528501773921
1.88e10,34.23529649633427
1.881e10,34.24530035982835
1.882e10,34.255296614969154
1.883e10,34.26528526849946
1.884e10,34.275266327157055
1.885e10,34.28523979767488
1.886e10,34.29520568678101
1.887e10,34.305164001198534
1.888e10,34.31511474764571
1.889e10,34.3250579328358
1.89e10,34.33499356347714
1.891e10,34.344921646273235
1.892e10,34.35484218792255
1.893e10,34.36475519511871
1.894e10,34.374660674550334
1.895e10,34.38455863290111
1.896e10,34.39444907684985
1.897e10,34.4043320130704
1.898e10,34.414207448231565
1.899e10,34.42407538899729
1.9e10,34.433935842026614
1.901e10,34.4437888139735
1.902e10,34.453634311486994
1.903e10,34.46347234121123
1.904e10,34.47330290978532
1.905e10,34.48312602384345
1.906e10,34.492941690014796
1.907e10,34.50274991492359
1.908e10,34.512550705189064
1.909e10,34.5223440674255
1.91e10,34.53213000824217
1.911e10,34.541908534243404
1.912e10,34.551679652028525
1.913e10,34.561443368191796
1.914e10,34.57119968932259
1.915e10,34.580948622005316
1.916e10,34.59069017281924
1.917e10,34.600424348338734
1.918e10,34.61015115513317
1.919e10,34.61987059976688
1.92e10,34.62958268879918
1.921e10,34.639287428784435
1.922e10,34.64898482627197
1.923e10,34.65867488780606
1.924e10,34.66835761992605
1.925e10,34.678033029166166
1.926e10,34.68770112205574
1.927e10,34.69736190511898
1.928e10,34.70701538487508
1.929e10,34.716661567838244
1.93e10,34.72630046051761
1.931e10,34.7359320694174
1.932e10,34.74555640103665
1.933e10,34.75517346186949
1.934e10,34.76478325840489
1.935e10,34.774385797126925
1.936e10,34.78398108451446
1.937e10,34.793569127041536
1.938e10,34.80314993117699
1.939e10,34.81272350338465
1.94e10,34.822289850123305
1.941e10,34.831848977846775
1.942e10,34.84140089300362
1.943e10,34.85094560203762
1.944e10,34.86048311138736
1.945e10,34.8700134274863
1.946e10,34.879536556763
1.947e10,34.889052505640876
1.948e10,34.898561280538324
1.949e10,34.90806288786861
1.95e10,34.91755733404004
1.951e10,34.92704462545582
1.952e10,34.93652476851401
1.953e10,34.94599776960776
1.954e10,34.95546363512498
1.955e10,34.96492237144865
1.956e10,34.97437398495668
1.957e10,34.98381848202179
1.958e10,34.99325586901179
1.959e10,35.0026861522892
1.96e10,35.01210933821172
1.961e10,35.02152543313178
1.962e10,35.030934443396845
1.963e10,35.040336375349256
1.964e10,35.049731235326284
1.965e10,35.05911902966013
1.966e10,35.06849976467789
1.967e10,35.07787344670162
1.968e10,35.087240082048275
1.969e10,35.096599677029694
1.97e10,35.10595223795273
1.971e10,35.11529777111898
1.972e10,35.124636282825186
1.973e10,35.13396777936274
1.974e10,35.14329226701822
1.975e10,35.152609752072884
1.976e10,35.161920240803084
1.977e10,35.17122373947993
1.978e10,35.180520254369526
1.979e10,35.18980979173291
1.98e10,35.199092357825904
1.981e10,35.20836795889946
1.982e10,35.21763660119914
1.983e10,35.22689829096574
1.984e10,35.23615303443466
1.985e10,35.245400837836414
1.986e10,35.254641707396374
1.987e10,35.26387564933473
1.988e10,35.27310266986667
1.989e10,35.28232277520229
1.99e10,35.29153597154648
1.991e10,35.30074226509917
1.992e10,35.30994166205516
1.993e10,35.31913416860403
1.994e10,35.32831979093045
1.995e10,35.33749853521386
1.996e10,35.34667040762865
1.997e10,35.35583541434409
1.998e10,35.364993561524415
1.999e10,35.37414485532864
2.e10,35.383289301910814
2.001e10,35.39242690741978
2.002e10,35.40155767799936
2.003e10,35.41068161978822
2.004e10,35.41979873891995
2.005e10,35.42890904152309
2.006e10,35.438012533720936
2.007e10,35.4471092216319
2.008e10,35.45619911136904
2.009e10,35.46528220904053
2.01e10,35.47435852074935
2.011e10,35.48342805259341
2.012e10,35.49249081066543
2.013e10,35.50154680105316
2.014e10,35.51059602983921
2.015e10,35.51963850310108
2.016e10,35.52867422691106
2.017e10,35.537703207336556
2.018e10,35.546725450439695
2.019e10,35.55574096227763
2.02e10,35.564749748902294
2.021e10,35.573751816360705
2.022e10,35.58274717069451
2.023e10,35.59173581794056
2.024e10,35.600717764130344
2.025e10,35.609693015290496
2.026e10,35.61866157744234
2.027e10,35.62762345660223
2.028e10,35.63657865878138
2.029e10,35.64552718998592
2.03e10,35.6544690562169
2.031e10,35.663404263470255
2.032e10,35.67233281773679
2.033e10,35.681254725002375
2.034e10,35.69016999124749
2.035e10,35.699078622447836
2.036e10,35.707980624573835
2.037e10,35.71687600359089
2.038e10,35.72576476545931
2.039e10,35.73464691613427
2.04e10,35.743522461565846
2.041e10,35.75239140769914
2.042e10,35.761253760474055
2.043e10,35.77010952582544
2.044e10,35.778958709683025
2.045e10,35.78780131797154
2.046e10,35.79663735661052
2.047e10,35.80546683151454
2.048e10,35.81428974859296
2.049e10,35.82310611375014
2.05e10,35.83191593288532
2.051e10,35.840719211892704
2.052e10,35.84951595666143
2.053e10,35.85830617307537
2.054e10,35.86708986701358
2.055e10,35.87586704434985
2.056e10,35.884637710953
2.057e10,35.89340187268673
2.058e10,35.90215953540964
2.059e10,35.910910704975315
2.06e10,35.91965538723223
2.061e10,35.928393588023795
2.062e10,35.93712531318828
2.063e10,35.94585056855906
2.064e10,35.95456935996426
2.065e10,35.96328169322703
2.066e10,35.97198757416543
2.067e10,35.98068700859244
2.068e10,35.98938000231602
2.069e10,35.998066561138984
2.07e10,36.00674669085921
2.071e10,36.015420397269345
2.072e10,36.024087686157145
2.073e10,36.0327485633052
2.074e10,36.04140303449112
2.075e10,36.050051105487285
2.076e10,36.05869278206129
2.077e10,36.06732806997545
2.078e10,36.07595697498713
2.079e10,36.08457950284858
2.08e10,36.093195659307135
2.081e10,36.10180545010489
2.082e10,36.110408880979016
2.083e10,36.11900595766165
2.084e10,36.12759668587979
2.085e10,36.13618107135546
2.086e10,36.14475911980562
2.087e10,36.15333083694216
2.088e10,36.161896228472045
2.089e10,36.17045530009704
2.09e10,36.17900805751399
2.091e10,36.18755450641466
2.092e10,36.19609465248579
2.093e10,36.20462850140902
2.094e10,36.213156058861145
2.095e10,36.221677330513685
2.096e10,36.23019232203331
2.097e10,36.23870103908164
2.098e10,36.247203487315225
2.099e10,36.25569967238556
2.1e10,36.264189599939186
2.101e10,36.272673275617606
2.102e10,36.28115070505728
2.103e10,36.28962189388971
2.104e10,36.29808684774129
2.105e10,36.30654557223349
2.106e10,36.31499807298272
2.107e10,36.32344435560036
2.108e10,36.331884425692884
2.109e10,36.340318288861575
2.11e10,36.3487459507029
2.111e10,36.357167416808224
2.112e10,36.36558269276392
2.113e10,36.37399178415135
2.114e10,36.382394696546974
2.115e10,36.3907914355221
2.116e10,36.39918200664316
2.117e10,36.40756641547144
2.118e10,36.415944667563565
2.119e10,36.42431676847073
2.12e10,36.4326827237395
2.121e10,36.44104253891123
2.122e10,36.44939621952246
2.123e10,36.45774377110459
2.124e10,36.46608519918419
2.125e10,36.474420509282716
2.126e10,36.48274970691671
2.127e10,36.49107279759778
2.128e10,36.49938978683245
2.129e10,36.50770068012242
2.13e10,36.516005482964275
2.131e10,36.52430420084975
2.132e10,36.532596839265615
2.133e10,36.540883403693456
2.134e10,36.5491638996102
2.135e10,36.55743833248764
2.136e10,36.56570670779271
2.137e10,36.57396903098731
2.138e10,36.58222530752839
2.139e10,36.590475542867964
2.14e10,36.59871974245315
2.141e10,36.60695791172603
2.142e10,36.61519005612383
2.143e10,36.62341618107877
2.144e10,36.63163629201812
2.145e10,36.63985039436427
2.146e10,36.648058493534634
2.147e10,36.656260594941685
2.148e10,36.664456703993075
2.149e10,36.67264682609131
2.15e10,36.68083096663413
2.151e10,36.68900913101436
2.152e10,36.69718132461977
2.153e10,36.70534755283336
2.154e10,36.71350782103311
2.155e10,36.72166213459211
2.156e10,36.729810498878585
2.157e10,36.73795291925573
2.158e10,36.746089401081974
2.159e10,36.754219949710745
2.16e10,36.76234457049056
2.161e10,36.77046326876507
2.162e10,36.778576049873045
2.163e10,36.78668291914833
2.164e10,36.79478388191987
2.165e10,36.80287894351168
2.166e10,36.81096810924295
2.167e10,36.819051384427965
2.168e10,36.82712877437609
2.169e10,36.83520028439184
2.17e10,36.84326591977477
2.171e10,36.85132568581975
2.172e10,36.85937958781655
2.173e10,36.86742763105017
2.174e10,36.8754698208007
2.175e10,36.883506162343444
2.176e10,36.891536660948745
2.177e10,36.899561321882054
2.178e10,36.907580150404144
2.179e10,36.91559315177071
2.18e10,36.9236003312327
2.181e10,36.93160169403622
2.182e10,36.93959724542242
2.183e10,36.94758699062777
2.184e10,36.955570934883674
2.185e10,36.963549083416915
2.186e10,36.971521441449276
2.187e10,36.97948801419774
2.188e10,36.98744880687448
2.189e10,36.9954038246868
2.19e10,37.0033530728372
2.191e10,37.01129655652333
2.192e10,37.019234280938015
2.193e10,37.02716625126924
2.194e10,37.03509247270024
2.195e10,37.04301295040926
2.196e10,37.05092768956999
2.197e10,37.058836695351026
2.198e10,37.06673997291637
2.199e10,37.07463752742509
2.2e10,37.08252936403145
2.201e10,37.090415487884975
2.202e10,37.09829590413039
2.203e10,37.10617061790753
2.204e10,37.114039634351485
2.205e10,37.1219029585926
2.206e10,37.12976059575639
2.207e10,37.13761255096344
2.208e10,37.145458829329876
2.209e10,37.153299435966744
2.21e10,37.16113437598043
2.211e10,37.168963654472485
2.212e10,37.17678727653981
2.213e10,37.18460524727438
2.214e10,37.1924175717635
2.215e10,37.20022425508967
2.216e10,37.20802530233065
2.217e10,37.215820718559364
2.218e10,37.223610508844104
2.219e10,37.23139467824831
2.22e10,37.23917323183068
2.221e10,37.24694617464518
2.222e10,37.25471351174103
2.223e10,37.2624752481627
2.224e10,37.270231388949945
2.225e10,37.277981939137696
2.226e10,37.28572690375624
2.227e10,37.293466287831116
2.228e10,37.301200096383056
2.229e10,37.30892833442819
2.23e10,37.31665100697775
2.231e10,37.32436811903843
2.232e10,37.33207967561209
2.233e10,37.339785681695936
2.234e10,37.34748614228239
2.235e10,37.35518106235923
2.236e10,37.36287044690947
2.237e10,37.37055430091147
2.238e10,37.37823262933882
2.239e10,37.38590543716054
2.24e10,37.39357272934077
2.241e10,37.401234510839124
2.242e10,37.40889078661044
2.243e10,37.41654156160484
2.244e10,37.42418684076787
2.245e10,37.43182662904022
2.246e10,37.43946093135818
2.247e10,37.44708975265307
2.248e10,37.454713097851645
2.249e10,37.46233097187607
2.25e10,37.46994337964377
2.251e10,37.47755032606748
2.252e10,37.485151816055286
2.253e10,37.4927478545107
2.254e10,37.50033844633245
2.255e10,37.50792359641473
2.256e10,37.515503309646995
2.257e10,37.52307759091409
2.258e10,37.53064644509625
2.259e10,37.53820987706895
2.26e10,37.54576789170321
2.261e10,37.553320493865264
2.262e10,37.560867688416785
2.263e10,37.568409480214754
2.264e10,37.575945874111625
2.265e10,37.58347687495511
2.266e10,37.59100248758848
2.267e10,37.59852271685022
2.268e10,37.606037567574205
2.269e10,37.61354704458981
2.27e10,37.62105115272171
2.271e10,37.62854989679007
2.272e10,37.636043281610384
2.273e10,37.643531311993506
2.274e10,37.65101399274574
2.275e10,37.6584913286689
2.276e10,37.66596332456008
2.277e10,37.6734299852118
2.278e10,37.680891315412005
2.279e10,37.688347319944114
2.28e10,37.695798003586965
2.281e10,37.70324337111472
2.282e10,37.7106834272971
2.283e10,37.71811817689917
2.284e10,37.72554762468146
2.285e10,37.73297177539998
2.286e10,37.740390633806115
2.287e10,37.747804204646705
2.288e10,37.755212492664086
2.289e10,37.76261550259607
2.29e10,37.77001323917574
2.291e10,37.77740570713188
2.292e10,37.784792911188575
2.293e10,37.79217485606542
2.294e10,37.79955154647749
2.295e10,37.80692298713533
2.296e10,37.81428918274496
2.297e10,37.82165013800785
2.298e10,37.829005857620935
2.299e10,37.83635634627673
2.3e10,37.8437016086631
2.301e10,37.851041649463525
2.302e10,37.8583764733569
2.303e10,37.86570608501763
2.304e10,37.87303048911563
2.305e10,37.88034969031636
2.306e10,37.88766369328068
2.307e10,37.89497250266506
2.308e10,37.90227612312141
2.309e10,37.909574559297226
2.31e10,37.916867815835474
2.311e10,37.924155897374646
2.312e10,37.93143880854872
2.313e10,37.93871655398734
2.314e10,37.945989138315525
2.315e10,37.95325656615389
2.316e10,37.9605188421186
2.317e10,37.96777597082139
2.318e10,37.975027956869454
2.319e10,37.98227480486557
2.32e10,37.98951651940811
2.321e10,37.99675310509096
2.322e10,38.00398456650358
2.323e10,38.01121090823095
2.324e10,38.01843213485367
2.325e10,38.025648250947896
2.326e10,38.0328592610853
2.327e10,38.04006516983318
2.328e10,38.0472659817544
2.329e10,38.054461701407455
2.33e10,38.061652333346274
2.331e10,38.06883788212059
2.332e10,38.07601835227547
2.333e10,38.08319374835182
2.334e10,38.09036407488601
2.335e10,38.097529336410034
2.336e10,38.104689537451485
2.337e10,38.111844682533494
2.338e10,38.11899477617503
2.339e10,38.126139822890394
2.34e10,38.133279827189675
2.341e10,38.14041479357859
2.342e10,38.14754472655834
2.343e10,38.154669630625854
2.344e10,38.16178951027369
2.345e10,38.16890436999009
2.346e10,38.176014214258785
2.347e10,38.1831190475592
2.348e10,38.19021887436652
2.349e10,38.197313699151486
2.35e10,38.20440352638044
2.351e10,38.21148836051546
2.352e10,38.218568206014204
2.353e10,38.22564306733009
2.354e10,38.232712948912166
2.355e10,38.239777855205006
2.356e10,38.246837790649074
2.357e10,38.25389275968041
2.358e10,38.2609427667307
2.359e10,38.26798781622735
2.36e10,38.27502791259339
2.361e10,38.28206306024761
2.362e10,38.28909326360448
2.363e10,38.29611852707416
2.364e10,38.303138855062464
2.365e10,38.310154251970935
2.366e10,38.317164722196836
2.367e10,38.32417027013308
2.368e10,38.331170900168395
2.369e10,38.338166616687154
2.37e10,38.3451574240694
2.371e10,38.35214332669101
2.372e10,38.359124328923436
2.373e10,38.36610043513406
2.374e10,38.373071649685805
2.375e10,38.3800379769374
2.376e10,38.38699942124338
2.377e10,38.39395598695384
2.378e10,38.40090767841487
2.379e10,38.407854499968096
2.38e10,38.41479645595096
2.381e10,38.421733550696686
2.382e10,38.428665788534275
2.383e10,38.43559317378841
2.384e10,38.44251571077959
2.385e10,38.44943340382411
2.386e10,38.45634625723393
2.387e10,38.463254275316935
2.388e10,38.47015746237664
2.389e10,38.47705582271245
2.39e10,38.483949360619526
2.391e10,38.49083808038879
2.392e10,38.497721986306935
2.393e10,38.504601082656556
2.394e10,38.51147537371594
2.395e10,38.51834486375925
2.396e10,38.52520955705636
2.397e10,38.53206945787302
2.398e10,38.53892457047085
2.399e10,38.54577489910715
2.4e10,38.552620448035164
2.401e10,38.559461221503845
2.402e10,38.56629722375809
2.403e10,38.573128459038536
2.404e10,38.579954931581675
2.405e10,38.586776645619885
2.406e10,38.59359360538127
2.407e10,38.60040581508998
2.408e10,38.60721327896579
2.409e10,38.61401600122435
2.41e10,38.62081398607737
2.411e10,38.62760723773226
2.412e10,38.63439576039221
2.413e10,38.641179558256425
2.414e10,38.64795863551997
2.415e10,38.65473299637372
2.416e10,38.66150264500438
2.417e10,38.668267585594656
2.418e10,38.67502782232302
2.419e10,38.68178335936394
2.42e10,38.68853420088771
2.421e10,38.6952803510605
2.422e10,38.70202181404434
2.423e10,38.7087585939973
2.424e10,38.715490695073235
2.425e10,38.7222181214219
2.426e10,38.72894087718905
2.427e10,38.73565896651626
2.428e10,38.74237239354106
2.429e10,38.74908116239693
2.43e10,38.755785277213164
2.431e10,38.76248474211511
2.432e10,38.76917956122401
2.433e10,38.77586973865698
2.434e10,38.782555278527134
2.435e10,38.7892361849435
2.436e10,38.795912462011046
2.437e10,38.8025841138307
2.438e10,38.80925114449936
2.439e10,38.81591355810984
2.44e10,38.822571358750864
2.441e10,38.82922455050726
2.442e10,38.83587313745973
2.443e10,38.84251712368494
2.444e10,38.849156513255494
2.445e10,38.85579131024008
2.446e10,38.86242151870325
2.447e10,38.8690471427056
2.448e10,38.87566818630374
2.449e10,38.88228465355014
2.45e10,38.88889654849344
2.451e10,38.8955038751781
2.452e10,38.902106637644735
2.453e10,38.908704839929825
2.454e10,38.91529848606595
2.455e10,38.92188758008168
2.456e10,38.92847212600159
2.457e10,38.93505212784624
2.458e10,38.94162758963222
2.459e10,38.94819851537222
2.46e10,38.95476490907485
2.461e10,38.96132677474482
2.462e10,38.96788411638285
2.463e10,38.97443693798566
2.464e10,38.98098524354607
2.465e10,38.98752903705294
2.466e10,38.994068322491174
2.467e10,39.000603103841655
2.468e10,39.00713338508139
2.469e10,39.013659170183466
2.47e10,39.020180463116965
2.471e10,39.026697267847084
2.472e10,39.03320958833502
2.473e10,39.03971742853816
2.474e10,39.04622079240986
2.475e10,39.052719683899554
2.476e10,39.05921410695285
2.477e10,39.06570406551138
2.478e10,39.072189563512865
2.479e10,39.07867060489109
2.48e10,39.08514719357602
2.481e10,39.09161933349367
2.482e10,39.098087028566084
2.483e10,39.10455028271156
2.484e10,39.11100909984438
2.485e10,39.11746348387506
2.486e10,39.12391343871007
2.487e10,39.13035896825217
2.488e10,39.13680007640015
2.489e10,39.143236767048926
2.49e10,39.149669044089535
2.491e10,39.156096911409215
2.492e10,39.16252037289131
2.493e10,39.1689394324153
2.494e10,39.17535409385675
2.495e10,39.18176436108749
2.496e10,39.18817023797542
2.497e10,39.19457172838462
2.498e10,39.20096883617529
2.499e10,39.20736156520386
2.5e10,39.21374991932286
2.501e10,39.22013390238106
2.502e10,39.22651351822331
2.503e10,39.23288877069075
2.504e10,39.23925966362056
2.505e10,39.24562620084624
2.506e10,39.2519883861974
2.507e10,39.25834622349981
2.508e10,39.26469971657551
2.509e10,39.271048869242755
2.51e10,39.2773936853158
2.511e10,39.28373416860541
2.512e10,39.290070322918275
2.513e10,39.2964021520575
2.514e10,39.30272965982229
2.515e10,39.30905285000809
2.516e10,39.31537172640656
2.517e10,39.32168629280562
2.518e10,39.32799655298941
2.519e10,39.33430251073822
2.52e10,39.34060416982873
2.521e10,39.34690153403366
2.522e10,39.35319460712219
2.523e10,39.35948339285956
2.524e10,39.36576789500734
2.525e10,39.37204811732333
2.526e10,39.378324063561614
2.527e10,39.38459573747255
2.528e10,39.390863142802665
2.529e10,39.39712628329487
2.53e10,39.403385162688224
2.531e10,39.40963978471814
2.532e10,39.41589015311632
2.533e10,39.42213627161068
2.534e10,39.42837814392548
2.535e10,39.434615773781175
2.536e10,39.44084916489466
2.537e10,39.44707832097893
2.538e10,39.453303245743456
2.539e10,39.45952394289393
2.54e10,39.46574041613229
2.541e10,39.47195266915686
2.542e10,39.47816070566234
2.543e10,39.484364529339516
2.544e10,39.49056414387575
2.545e10,39.496759552954536
2.546e10,39.50295076025577
2.547e10,39.5091377694557
2.548e10,39.51532058422686
2.549e10,39.521499208238126
2.55e10,39.52767364515468
2.551e10,39.53384389863811
2.552e10,39.54000997234634
2.553e10,39.54617186993359
2.554e10,39.55232959505045
2.555e10,39.55848315134386
2.556e10,39.56463254245721
2.557e10,39.570777772030105
2.558e10,39.57691884369862
2.559e10,39.58305576109514
2.56e10,39.58918852784845
2.561e10,39.59531714758371
2.562e10,39.601441623922426
2.563e10,39.60756196048254
2.564e10,39.61367816087835
2.565e10,39.61979022872051
2.566e10,39.625898167616135
2.567e10,39.63200198116868
2.568e10,39.63810167297803
2.569e10,39.64419724664045
2.57e10,39.65028870574866
2.571e10,39.65637605389164
2.572e10,39.662459294655044
2.573e10,39.66853843162072
2.574e10,39.67461346836699
2.575e10,39.68068440846861
2.576e10,39.68675125549672
2.577e10,39.69281401301911
2.578e10,39.698872684599664
2.579e10,39.704927273798944
2.58e10,39.710977784173835
2.581e10,39.717024219277725
2.582e10,39.72306658266038
2.583e10,39.72910487786813
2.584e10,39.73513910844371
2.585e10,39.741169277926225
2.586e10,39.74719538985129
2.587e10,39.753217447751084
2.588e10,39.759235455154105
2.589e10,39.765249415585444
2.59e10,39.771259332566544
2.591e10,39.77726520961543
2.592e10,39.78326705024655
2.593e10,39.789264857970835
2.594e10,39.795258636295756
2.595e10,39.801248388725206
2.596e10,39.80723411875961
2.597e10,39.81321582989588
2.598e10,39.81919352562745
2.599e10,39.8251672094442
2.6e10,39.83113688483261
2.601e10,39.83710255527556
2.602e10,39.84306422425253
2.603e10,39.84902189523952
2.604e10,39.85497557170892
2.605e10,39.86092525712982
2.606e10,39.86687095496773
2.607e10,39.87281266868473
2.608e10,39.878750401739424
2.609e10,39.88468415758695
2.61e10,39.89061393967897
2.611e10,39.89653975146373
2.612e10,39.902461596386
2.613e10,39.908379477887095
2.614e10,39.914293399404905
2.615e10,39.92020336437384
2.616e10,39.9261093762249
2.617e10,39.93201143838567
2.618e10,39.93790955428024
2.619e10,39.94380372732931
2.62e10,39.949693960950206
2.621e10,39.95558025855672
2.622e10,39.961462623559285
2.623e10,39.96734105936491
2.624e10,39.97321556937724
2.625e10,39.9790861569964
2.626e10,39.98495282561924
2.627e10,39.990815578639086
2.628e10,39.996674419445945
2.629e10,40.00252935142639
2.63e10,40.008380377963604
2.631e10,40.014227502437464
2.632e10,40.0200707282243
2.633e10,40.02591005869722
2.634e10,40.03174549722579
2.635e10,40.037577047176356
2.636e10,40.04340471191181
2.637e10,40.04922849479166
2.638e10,40.05504839917214
2.639e10,40.06086442840599
2.64e10,40.0666765858427
2.641e10,40.072484874828326
2.642e10,40.07828929870562
2.643e10,40.08408986081401
2.644e10,40.08988656448948
2.645e10,40.095679413064744
2.646e10,40.10146840986918
2.647e10,40.107253558228805
2.648e10,40.1130348614663
2.649e10,40.11881232290097
2.65e10,40.12458594584892
2.651e10,40.130355733622835
2.652e10,40.13612168953208
2.653e10,40.14188381688278
2.654e10,40.147642118977636
2.655e10,40.15339659911613
2.656e10,40.159147260594374
2.657e10,40.16489410670517
2.658e10,40.17063714073813
2.659e10,40.17637636597944
2.66e10,40.18211178571204
2.661e10,40.18784340321564
2.662e10,40.19357122176654
2.663e10,40.199295244637845
2.664e10,40.20501547509932
2.665e10,40.210731916417544
2.666e10,40.21644457185571
2.667e10,40.22215344467379
2.668e10,40.227858538128565
2.669e10,40.2335598554734
2.67e10,40.23925739995851
2.671e10,40.2449511748308
2.672e10,40.25064118333394
2.673e10,40.25632742870833
2.674e10,40.262009914191154
2.675e10,40.26768864301635
2.676e10,40.273363618414564
2.677e10,40.27903484361322
2.678e10,40.28470232183657
2.679e10,40.290366056305544
2.68e10,40.296026050237906
2.681e10,40.30168230684815
2.682e10,40.30733482934761
2.683e10,40.31298362094432
2.684e10,40.31862868484312
2.685e10,40.3242700242457
2.686e10,40.3299076423505
2.687e10,40.3355415423527
2.688e10,40.34117172744432
2.689e10,40.34679820081419
2.69e10,40.35242096564795
2.691e10,40.358040025128055
2.692e10,40.36365538243372
2.693e10,40.36926704074094
2.694e10,40.37487500322268
2.695e10,40.38047927304854
2.696e10,40.38607985338512
2.697e10,40.39167674739569
2.698e10,40.397269958240386
2.699e10,40.4028594890763
2.7e10,40.408445343057195
2.701e10,40.414027523333715
2.702e10,40.41960603305341
2.703e10,40.42518087536066
2.704e10,40.43075205339656
2.705e10,40.436319570299254
2.706e10,40.44188342920364
2.707e10,40.447443633241406
2.708e10,40.45300018554125
2.709e10,40.45855308922861
2.71e10,40.46410234742586
2.711e10,40.46964796325222
2.712e10,40.475189939823764
2.713e10,40.480728280253466
2.714e10,40.48626298765124
2.715e10,40.491794065123706
2.716e10,40.49732151577454
2.717e10,40.50284534270421
2.718e10,40.50836554901013
2.719e10,40.51388213778665
2.72e10,40.51939511212488
2.721e10,40.524904475112926
2.722e10,40.53041022983581
2.723e10,40.535912379375404
2.724e10,40.54141092681055
2.725e10,40.54690587521694
2.726e10,40.5523972276672
2.727e10,40.55788498723095
2.728e10,40.563369156974645
2.729e10,40.568849739961735
2.73e10,40.57432673925249
2.731e10,40.57980015790421
2.732e10,40.58526999897114
2.733e10,40.59073626550435
2.734e10,40.59619896055202
2.735e10,40.60165808715912
2.736e10,40.60711364836767
2.737e10,40.61256564721657
2.738e10,40.618014086741695
2.739e10,40.623458969975985
2.74e10,40.62890029994911
2.741e10,40.63433807968795
2.742e10,40.639772312216145
2.743e10,40.645203000554474
2.744e10,40.65063014772058
2.745e10,40.656053756729115
2.746e10,40.66147383059174
2.747e10,40.66689037231703
2.748e10,40.67230338491061
2.749e10,40.677712871375
2.75e10,40.683118834709894
2.751e10,40.6885212779118
2.752e10,40.69392020397427
2.753e10,40.69931561588792
2.754e10,40.70470751664026
2.755e10,40.71009590921593
2.756e10,40.71548079659652
2.757e10,40.7208621817606
2.758e10,40.72624006768379
2.759e10,40.731614457338736
2.76e10,40.73698535369509
2.761e10,40.742352759719566
2.762e10,40.74771667837585
2.763e10,40.75307711262469
2.764e10,40.75843406542385
2.765e10,40.76378753972817
2.766e10,40.76913753848949
2.767e10,40.7744840646567
2.768e10,40.779827121175764
2.769e10,40.785166710989635
2.77e10,40.790502837038396
2.771e10,40.79583550225912
2.772e10,40.801164709586004
2.773e10,40.806490461950276
2.774e10,40.81181276228016
2.775e10,40.817131613501054
2.776e10,40.82244701853536
2.777e10,40.82775898030255
2.778e10,40.833067501719256
2.779e10,40.83837258569911
2.78e10,40.84367423515278
2.781e10,40.84897245298822
2.782e10,40.85426724211024
2.783e10,40.859558605420865
2.784e10,40.86484654581914
2.785e10,40.870131066201346
2.786e10,40.875412169460745
2.787e10,40.880689858487685
2.788e10,40.88596413616973
2.789e10,40.89123500539144
2.79e10,40.89650246903458
2.791e10,40.90176652997799
2.792e10,40.9070271910976
2.793e10,40.912284455266494
2.794e10,40.9175383253549
2.795e10,40.92278880423009
2.796e10,40.92803589475663
2.797e10,40.933279599795995
2.798e10,40.93851992220705
2.799e10,40.94375686484553
2.8e10,40.94899043056452
2.801e10,40.9542206222142
2.802e10,40.95944744264181
2.803e10,40.96467089469184
2.804e10,40.96989098120591
2.805e10,40.97510770502276
2.806e10,40.98032106897837
2.807e10,40.985531075905776
2.808e10,40.990737728635246
2.809e10,40.99594102999424
2.81e10,41.001140982807314
2.811e10,41.00633758989625
2.812e10,41.01153085408001
2.813e10,41.01672077817473
2.814e10,41.0219073649937
2.815e10,41.02709061734741
2.816e10,41.03227053804359
2.817e10,41.03744712988708
2.818e10,41.042620395679954
2.819e10,41.047790338221574
2.82e10,41.05295696030833
2.821e10,41.05812026473385
2.822e10,41.063280254289154
2.823e10,41.06843693176226
2.824e10,41.07359029993847
2.825e10,41.07874036160031
2.826e10,41.08388711952757
2.827e10,41.08903057649717
2.828e10,41.09417073528328
2.829e10,41.09930759865739
2.83e10,41.10444116938806
2.831e10,41.109571450241205
2.832e10,41.11469844397994
2.833e10,41.11982215336461
2.834e10,41.12494258115282
2.835e10,41.13005973009941
2.836e10,41.135173602956414
2.837e10,41.14028420247324
2.838e10,41.14539153139642
2.839e10,41.150495592469845
2.84e10,41.15559638843459
2.841e10,41.16069392202902
2.842e10,41.165788195988725
2.843e10,41.170879213046675
2.844e10,41.175966975933
2.845e10,41.181051487375164
2.846e10,41.18613275009785
2.847e10,41.191210766823076
2.848e10,41.19628554027008
2.849e10,41.201357073155464
2.85e10,41.206425368193045
2.851e10,41.211490428093974
2.852e10,41.21655225556672
2.853e10,41.221610853316946
2.854e10,41.22666622404774
2.855e10,41.23171837045938
2.856e10,41.236767295249464
2.857e10,41.24181300111301
2.858e10,41.246855490742306
2.859e10,41.25189476682673
2.86e10,41.25693083205335
2.861e10,41.261963689106246
2.862e10,41.266993340666964
2.863e10,41.272019789414394
2.864e10,41.2770430380246
2.865e10,41.28206308917119
2.866e10,41.287079945524944
2.867e10,41.292093609754005
2.868e10,41.297104084523944
2.869e10,41.30211137249753
2.87e10,41.30711547633499
2.871e10,41.3121163986938
2.872e10,41.31711414222898
2.873e10,41.32210870959263
2.874e10,41.32710010343437
2.875e10,41.332088326401234
2.876e10,41.33707338113741
2.877e10,41.34205527028464
2.878e10,41.34703399648197
2.879e10,41.35200956236574
2.88e10,41.3569819705698
2.881e10,41.36195122372528
2.882e10,41.36691732446069
2.883e10,41.37188027540198
2.884e10,41.37684007917237
2.885e10,41.38179673839261
2.886e10,41.38675025568076
2.887e10,41.39170063365222
2.888e10,41.39664787491993
2.889e10,41.40159198209405
2.89e10,41.406532957782204
2.891e10,41.41147080458964
2.892e10,41.41640552511851
2.893e10,41.421337121968904
2.894e10,41.426265597737995
2.895e10,41.431190955020504
2.896e10,41.43611319640849
2.897e10,41.44103232449148
2.898e10,41.44594834185648
2.899e10,41.45086125108772
2.9e10,41.455771054767084
2.901e10,41.460677755473775
2.902e10,41.46558135578439
2.903e10,41.47048185827311
2.904e10,41.47537926551135
2.905e10,41.48027358006818
2.906e10,41.485164804509914
2.907e10,41.49005294140041
2.908e10,41.49493799330099
2.909e10,41.49981996277038
2.91e10,41.50469885236484
2.911e10,41.50957466463798
2.912e10,41.514447402140895
2.913e10,41.51931706742222
2.914e10,41.52418366302791
2.915e10,41.52904719150158
2.916e10,41.53390765538413
2.917e10,41.538765057214086
2.918e10,41.54361939952732
2.919e10,41.54847068485726
2.92e10,41.55331891573472
2.921e10,41.55816409468818
2.922e10,41.56300622424345
2.923e10,41.56784530692389
2.924e10,41.57268134525024
2.925e10,41.57751434174091
2.926e10,41.58234429891175
2.927e10,41.587171219276044
2.928e10,41.591995105344566
2.929e10,41.59681595962573
2.93e10,41.6016337846253
2.931e10,41.606448582846674
2.932e10,41.61126035679073
2.933e10,41.61606910895578
2.934e10,41.620874841837725
2.935e10,41.625677557930004
2.936e10,41.63047725972357
2.937e10,41.635273949706765
2.938e10,41.640067630365735
2.939e10,41.644858304183906
2.94e10,41.64964597364236
2.941e10,41.654430641219676
2.942e10,41.659212309391954
2.943e10,41.66399098063286
2.944e10,41.6687666574137
2.945e10,41.673539342203114
2.946e10,41.67830903746746
2.947e10,41.68307574567061
2.948e10,41.68783946927394
2.949e10,41.69260021073648
2.95e10,41.69735797251472
2.951e10,41.70211275706275
2.952e10,41.706864566832216
2.953e10,41.711613404272384
2.954e10,41.71635927183002
2.955e10,41.72110217194948
2.956e10,41.72584210707268
2.957e10,41.73057907963924
2.958e10,41.73531309208617
2.959e10,41.74004414684817
2.96e10,41.74477224635754
2.961e10,41.7494973930441
2.962e10,41.75421958933534
2.963e10,41.75893883765624
2.964e10,41.76365514042944
2.965e10,41.76836850007524
2.966e10,41.77307891901143
2.967e10,41.77778639965343
2.968e10,41.78249094441436
2.969e10,41.78719255570476
2.97e10,41.791891235933
2.971e10,41.79658698750485
2.972e10,41.801279812823914
2.973e10,41.80596971429117
2.974e10,41.81065669430556
2.975e10,41.815340755263264
2.976e10,41.82002189955829
2.977e10,41.824700129582276
2.978e10,41.829375447724466
2.979e10,41.83404785637177
2.98e10,41.8387173579087
2.981e10,41.843383954717325
2.982e10,41.848047649177474
2.983e10,41.85270844366667
2.984e10,41.857366340559885
2.985e10,41.862021342229916
2.986e10,41.86667345104718
2.987e10,41.87132266937961
2.988e10,41.875968999592985
2.989e10,41.88061244405067
2.99e10,41.88525300511364
2.991e10,41.8898906851406
2.992e10,41.89452548648787
2.993e10,41.8991574115095
2.994e10,41.90378646255719
2.995e10,41.908412641980256
2.996e10,41.9130359521258
2.997e10,41.9176563953385
2.998e10,41.92227397396072
2.999e10,41.92688869033261
3.e10,41.93150054679191